Examples/_Benchmarking_Model_Data/Test3/test3DEM.asc
ncols 186
nrows 71
xllcorner -50
yllcorner -20
cellsize 2
nodata_value -999
[rows 31 to 61 of 71, columns 0 to 68 of 186]
10.7326 10.7226 10.7126 10.7026 10.6926 10.6826 10.6726 10.6626 10.6526 10.6426 10.6326 10.6226 10.6126 10.6026 10.5926 10.5826 10.5726 10.5626 10.5526 10.5426 10.5326 10.5226 10.5126 10.5026 10.4926 10.4826 10.4726 10.4626 10.4526 10.4426 10.4326 10.4226 10.4126 10.4026 10.3926 10.3826 10.3726 10.3626 10.3526 10.3426 10.3326 10.3226 10.3126 10.3026 10.2926 10.2826 10.2726 10.2626 10.2526 10.2426 10.2326 10.2226 10.2126 10.2026 10.1926 10.1826 10.1726 10.1626 10.1526 10.1426 10.1326 10.1226 10.1126 10.1026 10.0926 10.0826 10.0726 10.0626 10.0526
10.7326 10.7226 10.7126 10.7026 10.6926 10.6826 10.6726 10.6626 10.6526 10.6426 10.6326 10.6226 10.6126 10.6026 10.5926 10.5826 10.5726 10.5626 10.5526 10.5426 10.5326 10.5226 10.5126 10.5026 10.4926 10.4826 10.4726 10.4626 10.4526 10.4426 10.4326 10.4226 10.4126 10.4026 10.3926 10.3826 10.3726 10.3626 10.3526 10.3426 10.3326 10.3226 10.3126 10.3026 10.2926 10.2826 10.2726 10.2626 10.2526 10.2426 10.2326 10.2226 10.2126 10.2026 10.1926 10.1826 10.1726 10.1626 10.1526 10.1426 10.1326 10.1226 10.1126 10.1026 10.0926 10.0826 10.0726 10.0626 10.0526
10.7326 10.7226 10.7126 10.7026 10.6926 10.6826 10.6726 10.6626 10.6526 10.6426 10.6326 10.6226 10.6126 10.6026 10.5926 10.5826 10.5726 10.5626 10.5526 10.5426 10.5326 10.5226 10.5126 10.5026 10.4926 10.4826 10.4726 10.4626 10.4526 10.4426 10.4326 10.4226 10.4126 10.4026 10.3926 10.3826 10.3726 10.3626 10.3526 10.3426 10.3326 10.3226 10.3126 10.3026 10.2926 10.2826 10.2726 10.2626 10.2526 10.2426 10.2326 10.2226 10.2126 10.2026 10.1926 10.1826 10.1726 10.1626 10.1526 10.1426 10.1326 10.1226 10.1126 10.1026 10.0926 10.0826 10.0726 10.0626 10.0526
10.7326 10.7226 10.7126 10.7026 10.6926 10.6826 10.6726 10.6626 10.6526 10.6426 10.6326 10.6226 10.6126 10.6026 10.5926 10.5826 10.5726 10.5626 10.5526 10.5426 10.5326 10.5226 10.5126 10.5026 10.4926 10.4826 10.4726 10.4626 10.4526 10.4426 10.4326 10.4226 10.4126 10.4026 10.3926 10.3826 10.3726 10.3626 10.3526 10.3426 10.3326 10.3226 10.3126 10.3026 10.2926 10.2826 10.2726 10.2626 10.2526 10.2426 10.2326 10.2226 10.2126 10.2026 10.1926 10.1826 10.1726 10.1626 10.1526 10.1426 10.1326 10.1226 10.1126 10.1026 10.0926 10.0826 10.0726 10.0626 10.0526
10.7326 10.7226 10.7126 10.7026 10.6926 10.6826 10.6726 10.6626 10.6526 10.6426 10.6326 10.6226 10.6126 10.6026 10.5926 10.5826 10.5726 10.5626 10.5526 10.5426 10.5326 10.5226 10.5126 10.5026 10.4926 10.4826 10.4726 10.4626 10.4526 10.4426 10.4326 10.4226 10.4126 10.4026 10.3926 10.3826 10.3726 10.3626 10.3526 10.3426 10.3326 10.3226 10.3126 10.3026 10.2926 10.2826 10.2726 10.2626 10.2526 10.2426 10.2326 10.2226 10.2126 10.2026 10.1926 10.1826 10.1726 10.1626 10.1526 10.1426 10.1326 10.1226 10.1126 10.1026 10.0926 10.0826 10.0726 10.0626 10.0526
10.7326 10.7226 10.7126 10.7026 10.6926 10.6826 10.6726 10.6626 10.6526 10.6426 10.6326 10.6226 10.6126 10.6026 10.5926 10.5826 10.5726 10.5626 10.5526 10.5426 10.5326 10.5226 10.5126 10.5026 10.4926 10.4826 10.4726 10.4626 10.4526 10.4426 10.4326 10.4226 10.4126 10.4026 10.3926 10.3826 10.3726 10.3626 10.3526 10.3426 10.3326 10.3226 10.3126 10.3026 10.2926 10.2826 10.2726 10.2626 10.2526 10.2426 10.2326 10.2226 10.2126 10.2026 10.1926 10.1826 10.1726 10.1626 10.1526 10.1426 10.1326 10.1226 10.1126 10.1026 10.0926 10.0826 10.0726 10.0626 10.0526
10.7326 10.7226 10.7126 10.7026 10.6926 10.6826 10.6726 10.6626 10.6526 10.6426 10.6326 10.6226 10.6126 10.6026 10.5926 10.5826 10.5726 10.5626 10.5526 10.5426 10.5326 10.5226 10.5126 10.5026 10.4926 10.4826 10.4726 10.4626 10.4526 10.4426 10.4326 10.4226 10.4126 10.4026 10.3926 10.3826 10.3726 10.3626 10.3526 10.3426 10.3326 10.3226 10.3126 10.3026 10.2926 10.2826 10.2726 10.2626 10.2526 10.2426 10.2326 10.2226 10.2126 10.2026 10.1926 10.1826 10.1726 10.1626 10.1526 10.1426 10.1326 10.1226 10.1126 10.1026 10.0926 10.0826 10.0726 10.0626 10.0526
10.7326 10.7226 10.7126 10.7026 10.6926 10.6826 10.6726 10.6626 10.6526 10.6426 10.6326 10.6226 10.6126 10.6026 10.5926 10.5826 10.5726 10.5626 10.5526 10.5426 10.5326 10.5226 10.5126 10.5026 10.4926 10.4826 10.4726 10.4626 10.4526 10.4426 10.4326 10.4226 10.4126 10.4026 10.3926 10.3826 10.3726 10.3626 10.3526 10.3426 10.3326 10.3226 10.3126 10.3026 10.2926 10.2826 10.2726 10.2626 10.2526 10.2426 10.2326 10.2226 10.2126 10.2026 10.1926 10.1826 10.1726 10.1626 10.1526 10.1426 10.1326 10.1226 10.1126 10.1026 10.0926 10.0826 10.0726 10.0626 10.0526
10.7326 10.7226 10.7126 10.7026 10.6926 10.6826 10.6726 10.6626 10.6526 10.6426 10.6326 10.6226 10.6126 10.6026 10.5926 10.5826 10.5726 10.5626 10.5526 10.5426 10.5326 10.5226 10.5126 10.5026 10.4926 10.4826 10.4726 10.4626 10.4526 10.4426 10.4326 10.4226 10.4126 10.4026 10.3926 10.3826 10.3726 10.3626 10.3526 10.3426 10.3326 10.3226 10.3126 10.3026 10.2926 10.2826 10.2726 10.2626 10.2526 10.2426 10.2326 10.2226 10.2126 10.2026 10.1926 10.1826 10.1726 10.1626 10.1526 10.1426 10.1326 10.1226 10.1126 10.1026 10.0926 10.0826 10.0726 10.0626 10.0526
10.7326 10.7226 10.7126 10.7026 10.6926 10.6826 10.6726 10.6626 10.6526 10.6426 10.6326 10.6226 10.6126 10.6026 10.5926 10.5826 10.5726 10.5626 10.5526 10.5426 10.5326 10.5226 10.5126 10.5026 10.4926 10.4826 10.4726 10.4626 10.4526 10.4426 10.4326 10.4226 10.4126 10.4026 10.3926 10.3826 10.3726 10.3626 10.3526 10.3426 10.3326 10.3226 10.3126 10.3026 10.2926 10.2826 10.2726 10.2626 10.2526 10.2426 10.2326 10.2226 10.2126 10.2026 10.1926 10.1826 10.1726 10.1626 10.1526 10.1426 10.1326 10.1226 10.1126 10.1026 10.0926 10.0826 10.0726 10.0626 10.0526
10.7326 10.7226 10.7126 10.7026 10.6926 10.6826 10.6726 10.6626 10.6526 10.6426 10.6326 10.6226 10.6126 10.6026 10.5926 10.5826 10.5726 10.5626 10.5526 10.5426 10.5326 10.5226 10.5126 10.5026 10.4926 10.4826 10.4726 10.4626 10.4526 10.4426 10.4326 10.4226 10.4126 10.4026 10.3926 10.3826 10.3726 10.3626 10.3526 10.3426 10.3326 10.3226 10.3126 10.3026 10.2926 10.2826 10.2726 10.2626 10.2526 10.2426 10.2326 10.2226 10.2126 10.2026 10.1926 10.1826 10.1726 10.1626 10.1526 10.1426 10.1326 10.1226 10.1126 10.1026 10.0926 10.0826 10.0726 10.0626 10.0526
10.7326 10.7226 10.7126 10.7026 10.6926 10.6826 10.6726 10.6626 10.6526 10.6426 10.6326 10.6226 10.6126 10.6026 10.5926 10.5826 10.5726 10.5626 10.5526 10.5426 10.5326 10.5226 10.5126 10.5026 10.4926 10.4826 10.4726 10.4626 10.4526 10.4426 10.4326 10.4226 10.4126 10.4026 10.3926 10.3826 10.3726 10.3626 10.3526 10.3426 10.3326 10.3226 10.3126 10.3026 10.2926 10.2826 10.2726 10.2626 10.2526 10.2426 10.2326 10.2226 10.2126 10.2026 10.1926 10.1826 10.1726 10.1626 10.1526 10.1426 10.1326 10.1226 10.1126 10.1026 10.0926 10.0826 10.0726 10.0626 10.0526
10.7326 10.7226 10.7126 10.7026 10.6926 10.6826 10.6726 10.6626 10.6526 10.6426 10.6326 10.6226 10.6126 10.6026 10.5926 10.5826 10.5726 10.5626 10.5526 10.5426 10.5326 10.5226 10.5126 10.5026 10.4926 10.4826 10.4726 10.4626 10.4526 10.4426 10.4326 10.4226 10.4126 10.4026 10.3926 10.3826 10.3726 10.3626 10.3526 10.3426 10.3326 10.3226 10.3126 10.3026 10.2926 10.2826 10.2726 10.2626 10.2526 10.2426 10.2326 10.2226 10.2126 10.2026 10.1926 10.1826 10.1726 10.1626 10.1526 10.1426 10.1326 10.1226 10.1126 10.1026 10.0926 10.0826 10.0726 10.0626 10.0526
10.7326 10.7226 10.7126 10.7026 10.6926 10.6826 10.6726 10.6626 10.6526 10.6426 10.6326 10.6226 10.6126 10.6026 10.5926 10.5826 10.5726 10.5626 10.5526 10.5426 10.5326 10.5226 10.5126 10.5026 10.4926 10.4826 10.4726 10.4626 10.4526 10.4426 10.4326 10.4226 10.4126 10.4026 10.3926 10.3826 10.3726 10.3626 10.3526 10.3426 10.3326 10.3226 10.3126 10.3026 10.2926 10.2826 10.2726 10.2626 10.2526 10.2426 10.2326 10.2226 10.2126 10.2026 10.1926 10.1826 10.1726 10.1626 10.1526 10.1426 10.1326 10.1226 10.1126 10.1026 10.0926 10.0826 10.0726 10.0626 10.0526
10.7326 10.7226 10.7126 10.7026 10.6926 10.6826 10.6726 10.6626 10.6526 10.6426 10.6326 10.6226 10.6126 10.6026 10.5926 10.5826 10.5726 10.5626 10.5526 10.5426 10.5326 10.5226 10.5126 10.5026 10.4926 10.4826 10.4726 10.4626 10.4526 10.4426 10.4326 10.4226 10.4126 10.4026 10.3926 10.3826 10.3726 10.3626 10.3526 10.3426 10.3326 10.3226 10.3126 10.3026 10.2926 10.2826 10.2726 10.2626 10.2526 10.2426 10.2326 10.2226 10.2126 10.2026 10.1926 10.1826 10.1726 10.1626 10.1526 10.1426 10.1326 10.1226 10.1126 10.1026 10.0926 10.0826 10.0726 10.0626 10.0526
10.7326 10.7226 10.7126 10.7026 10.6926 10.6826 10.6726 10.6626 10.6526 10.6426 10.6326 10.6226 10.6126 10.6026 10.5926 10.5826 10.5726 10.5626 10.5526 10.5426 10.5326 10.5226 10.5126 10.5026 10.4926 10.4826 10.4726 10.4626 10.4526 10.4426 10.4326 10.4226 10.4126 10.4026 10.3926 10.3826 10.3726 10.3626 10.3526 10.3426 10.3326 10.3226 10.3126 10.3026 10.2926 10.2826 10.2726 10.2626 10.2526 10.2426 10.2326 10.2226 10.2126 10.2026 10.1926 10.1826 10.1726 10.1626 10.1526 10.1426 10.1326 10.1226 10.1126 10.1026 10.0926 10.0826 10.0726 10.0626 10.0526
10.7326 10.7226 10.7126 10.7026 10.6926 10.6826 10.6726 10.6626 10.6526 10.6426 10.6326 10.6226 10.6126 10.6026 10.5926 10.5826 10.5726 10.5626 10.5526 10.5426 10.5326 10.5226 10.5126 10.5026 10.4926 10.4826 10.4726 10.4626 10.4526 10.4426 10.4326 10.4226 10.4126 10.4026 10.3926 10.3826 10.3726 10.3626 10.3526 10.3426 10.3326 10.3226 10.3126 10.3026 10.2926 10.2826 10.2726 10.2626 10.2526 10.2426 10.2326 10.2226 10.2126 10.2026 10.1926 10.1826 10.1726 10.1626 10.1526 10.1426 10.1326 10.1226 10.1126 10.1026 10.0926 10.0826 10.0726 10.0626 10.0526
10.7326 10.7226 10.7126 10.7026 10.6926 10.6826 10.6726 10.6626 10.6526 10.6426 10.6326 10.6226 10.6126 10.6026 10.5926 10.5826 10.5726 10.5626 10.5526 10.5426 10.5326 10.5226 10.5126 10.5026 10.4926 10.4826 10.4726 10.4626 10.4526 10.4426 10.4326 10.4226 10.4126 10.4026 10.3926 10.3826 10.3726 10.3626 10.3526 10.3426 10.3326 10.3226 10.3126 10.3026 10.2926 10.2826 10.2726 10.2626 10.2526 10.2426 10.2326 10.2226 10.2126 10.2026 10.1926 10.1826 10.1726 10.1626 10.1526 10.1426 10.1326 10.1226 10.1126 10.1026 10.0926 10.0826 10.0726 10.0626 10.0526
10.7326 10.7226 10.7126 10.7026 10.6926 10.6826 10.6726 10.6626 10.6526 10.6426 10.6326 10.6226 10.6126 10.6026 10.5926 10.5826 10.5726 10.5626 10.5526 10.5426 10.5326 10.5226 10.5126 10.5026 10.4926 10.4826 10.4726 10.4626 10.4526 10.4426 10.4326 10.4226 10.4126 10.4026 10.3926 10.3826 10.3726 10.3626 10.3526 10.3426 10.3326 10.3226 10.3126 10.3026 10.2926 10.2826 10.2726 10.2626 10.2526 10.2426 10.2326 10.2226 10.2126 10.2026 10.1926 10.1826 10.1726 10.1626 10.1526 10.1426 10.1326 10.1226 10.1126 10.1026 10.0926 10.0826 10.0726 10.0626 10.0526
10.7326 10.7226 10.7126 10.7026 10.6926 10.6826 10.6726 10.6626 10.6526 10.6426 10.6326 10.6226 10.6126 10.6026 10.5926 10.5826 10.5726 10.5626 10.5526 10.5426 10.5326 10.5226 10.5126 10.5026 10.4926 10.4826 10.4726 10.4626 10.4526 10.4426 10.4326 10.4226 10.4126 10.4026 10.3926 10.3826 10.3726 10.3626 10.3526 10.3426 10.3326 10.3226 10.3126 10.3026 10.2926 10.2826 10.2726 10.2626 10.2526 10.2426 10.2326 10.2226 10.2126 10.2026 10.1926 10.1826 10.1726 10.1626 10.1526 10.1426 10.1326 10.1226 10.1126 10.1026 10.0926 10.0826 10.0726 10.0626 10.0526
10.7326 10.7226 10.7126 10.7026 10.6926 10.6826 10.6726 10.6626 10.6526 10.6426 10.6326 10.6226 10.6126 10.6026 10.5926 10.5826 10.5726 10.5626 10.5526 10.5426 10.5326 10.5226 10.5126 10.5026 10.4926 10.4826 10.4726 10.4626 10.4526 10.4426 10.4326 10.4226 10.4126 10.4026 10.3926 10.3826 10.3726 10.3626 10.3526 10.3426 10.3326 10.3226 10.3126 10.3026 10.2926 10.2826 10.2726 10.2626 10.2526 10.2426 10.2326 10.2226 10.2126 10.2026 10.1926 10.1826 10.1726 10.1626 10.1526 10.1426 10.1326 10.1226 10.1126 10.1026 10.0926 10.0826 10.0726 10.0626 10.0526
10.7326 10.7226 10.7126 10.7026 10.6926 10.6826 10.6726 10.6626 10.6526 10.6426 10.6326 10.6226 10.6126 10.6026 10.5926 10.5826 10.5726 10.5626 10.5526 10.5426 10.5326 10.5226 10.5126 10.5026 10.4926 10.4826 10.4726 10.4626 10.4526 10.4426 10.4326 10.4226 10.4126 10.4026 10.3926 10.3826 10.3726 10.3626 10.3526 10.3426 10.3326 10.3226 10.3126 10.3026 10.2926 10.2826 10.2726 10.2626 10.2526 10.2426 10.2326 10.2226 10.2126 10.2026 10.1926 10.1826 10.1726 10.1626 10.1526 10.1426 10.1326 10.1226 10.1126 10.1026 10.0926 10.0826 10.0726 10.0626 10.0526
10.7326 10.7226 10.7126 10.7026 10.6926 10.6826 10.6726 10.6626 10.6526 10.6426 10.6326 10.6226 10.6126 10.6026 10.5926 10.5826 10.5726 10.5626 10.5526 10.5426 10.5326 10.5226 10.5126 10.5026 10.4926 10.4826 10.4726 10.4626 10.4526 10.4426 10.4326 10.4226 10.4126 10.4026 10.3926 10.3826 10.3726 10.3626 10.3526 10.3426 10.3326 10.3226 10.3126 10.3026 10.2926 10.2826 10.2726 10.2626 10.2526 10.2426 10.2326 10.2226 10.2126 10.2026 10.1926 10.1826 10.1726 10.1626 10.1526 10.1426 10.1326 10.1226 10.1126 10.1026 10.0926 10.0826 10.0726 10.0626 10.0526
10.7326 10.7226 10.7126 10.7026 10.6926 10.6826 10.6726 10.6626 10.6526 10.6426 10.6326 10.6226 10.6126 10.6026 10.5926 10.5826 10.5726 10.5626 10.5526 10.5426 10.5326 10.5226 10.5126 10.5026 10.4926 10.4826 10.4726 10.4626 10.4526 10.4426 10.4326 10.4226 10.4126 10.4026 10.3926 10.3826 10.3726 10.3626 10.3526 10.3426 10.3326 10.3226 10.3126 10.3026 10.2926 10.2826 10.2726 10.2626 10.2526 10.2426 10.2326 10.2226 10.2126 10.2026 10.1926 10.1826 10.1726 10.1626 10.1526 10.1426 10.1326 10.1226 10.1126 10.1026 10.0926 10.0826 10.0726 10.0626 10.0526
10.7326 10.7226 10.7126 10.7026 10.6926 10.6826 10.6726 10.6626 10.6526 10.6426 10.6326 10.6226 10.6126 10.6026 10.5926 10.5826 10.5726 10.5626 10.5526 10.5426 10.5326 10.5226 10.5126 10.5026 10.4926 10.4826 10.4726 10.4626 10.4526 10.4426 10.4326 10.4226 10.4126 10.4026 10.3926 10.3826 10.3726 10.3626 10.3526 10.3426 10.3326 10.3226 10.3126 10.3026 10.2926 10.2826 10.2726 10.2626 10.2526 10.2426 10.2326 10.2226 10.2126 10.2026 10.1926 10.1826 10.1726 10.1626 10.1526 10.1426 10.1326 10.1226 10.1126 10.1026 10.0926 10.0826 10.0726 10.0626 10.0526
10.7326 10.7226 10.7126 10.7026 10.6926 10.6826 10.6726 10.6626 10.6526 10.6426 10.6326 10.6226 10.6126 10.6026 10.5926 10.5826 10.5726 10.5626 10.5526 10.5426 10.5326 10.5226 10.5126 10.5026 10.4926 10.4826 10.4726 10.4626 10.4526 10.4426 10.4326 10.4226 10.4126 10.4026 10.3926 10.3826 10.3726 10.3626 10.3526 10.3426 10.3326 10.3226 10.3126 10.3026 10.2926 10.2826 10.2726 10.2626 10.2526 10.2426 10.2326 10.2226 10.2126 10.2026 10.1926 10.1826 10.1726 10.1626 10.1526 10.1426 10.1326 10.1226 10.1126 10.1026 10.0926 10.0826 10.0726 10.0626 10.0526
10.7326 10.7226 10.7126 10.7026 10.6926 10.6826 10.6726 10.6626 10.6526 10.6426 10.6326 10.6226 10.6126 10.6026 10.5926 10.5826 10.5726 10.5626 10.5526 10.5426 10.5326 10.5226 10.5126 10.5026 10.4926 10.4826 10.4726 10.4626 10.4526 10.4426 10.4326 10.4226 10.4126 10.4026 10.3926 10.3826 10.3726 10.3626 10.3526 10.3426 10.3326 10.3226 10.3126 10.3026 10.2926 10.2826 10.2726 10.2626 10.2526 10.2426 10.2326 10.2226 10.2126 10.2026 10.1926 10.1826 10.1726 10.1626 10.1526 10.1426 10.1326 10.1226 10.1126 10.1026 10.0926 10.0826 10.0726 10.0626 10.0526
10.7326 10.7226 10.7126 10.7026 10.6926 10.6826 10.6726 10.6626 10.6526 10.6426 10.6326 10.6226 10.6126 10.6026 10.5926 10.5826 10.5726 10.5626 10.5526 10.5426 10.5326 10.5226 10.5126 10.5026 10.4926 10.4826 10.4726 10.4626 10.4526 10.4426 10.4326 10.4226 10.4126 10.4026 10.3926 10.3826 10.3726 10.3626 10.3526 10.3426 10.3326 10.3226 10.3126 10.3026 10.2926 10.2826 10.2726 10.2626 10.2526 10.2426 10.2326 10.2226 10.2126 10.2026 10.1926 10.1826 10.1726 10.1626 10.1526 10.1426 10.1326 10.1226 10.1126 10.1026 10.0926 10.0826 10.0726 10.0626 10.0526
10.7326 10.7226 10.7126 10.7026 10.6926 10.6826 10.6726 10.6626 10.6526 10.6426 10.6326 10.6226 10.6126 10.6026 10.5926 10.5826 10.5726 10.5626 10.5526 10.5426 10.5326 10.5226 10.5126 10.5026 10.4926 10.4826 10.4726 10.4626 10.4526 10.4426 10.4326 10.4226 10.4126 10.4026 10.3926 10.3826 10.3726 10.3626 10.3526 10.3426 10.3326 10.3226 10.3126 10.3026 10.2926 10.2826 10.2726 10.2626 10.2526 10.2426 10.2326 10.2226 10.2126 10.2026 10.1926 10.1826 10.1726 10.1626 10.1526 10.1426 10.1326 10.1226 10.1126 10.1026 10.0926 10.0826 10.0726 10.0626 10.0526
10.7326 10.7226 10.7126 10.7026 10.6926 10.6826 10.6726 10.6626 10.6526 10.6426 10.6326 10.6226 10.6126 10.6026 10.5926 10.5826 10.5726 10.5626 10.5526 10.5426 10.5326 10.5226 10.5126 10.5026 10.4926 10.4826 10.4726 10.4626 10.4526 10.4426 10.4326 10.4226 10.4126 10.4026 10.3926 10.3826 10.3726 10.3626 10.3526 10.3426 10.3326 10.3226 10.3126 10.3026 10.2926 10.2826 10.2726 10.2626 10.2526 10.2426 10.2326 10.2226 10.2126 10.2026 10.1926 10.1826 10.1726 10.1626 10.1526 10.1426 10.1326 10.1226 10.1126 10.1026 10.0926 10.0826 10.0726 10.0626 10.0526
10.7326 10.7226 10.7126 10.7026 10.6926 10.6826 10.6726 10.6626 10.6526 10.6426 10.6326 10.6226 10.6126 10.6026 10.5926 10.5826 10.5726 10.5626 10.5526 10.5426 10.5326 10.5226 10.5126 10.5026 10.4926 10.4826 10.4726 10.4626 10.4526 10.4426 10.4326 10.4226 10.4126 10.4026 10.3926 10.3826 10.3726 10.3626 10.3526 10.3426 10.3326 10.3226 10.3126 10.3026 10.2926 10.2826 10.2726 10.2626 10.2526 10.2426 10.2326 10.2226 10.2126 10.2026 10.1926 10.1826 10.1726 10.1626 10.1526 10.1426 10.1326 10.1226 10.1126 10.1026 10.0926 10.0826 10.0726 10.0626 10.0526
