Examples/_Benchmarking_Model_Data/Test3/test3DEM.asc
ncols 186
nrows 71
xllcorner -50
yllcorner -20
cellsize 2
nodata_value -999
[rows 0 to 30 of 71, columns 69 to 137 of 186]
10.0426 10.0326 10.0226 10.0126 10.0026 9.9926 9.9826 9.9726 9.9626 9.9526 9.9426 9.9326 9.9226 9.9126 9.9026 9.8926 9.8826 9.8726 9.8626 9.8526 9.8426 9.8326 9.8226 9.8126 9.8026 9.7926 9.7826 9.7726 9.7622 9.7544 9.7502 9.7502 9.7522 9.7561 9.7619 9.7695 9.7787 9.7894 9.8015 9.8148 9.829 9.8439 9.8593 9.875 9.8907 9.9061 9.921 9.9352 9.9485 9.9606 9.9713 9.9805 9.9881 9.9939 9.9978 9.9998 9.9998 9.9978 9.9939 9.9881 9.9805 9.9713 9.9606 9.9485 9.9352 9.921 9.9061 9.8907 9.875
10.0426 10.0326 10.0226 10.0126 10.0026 9.9926 9.9826 9.9726 9.9626 9.9526 9.9426 9.9326 9.9226 9.9126 9.9026 9.8926 9.8826 9.8726 9.8626 9.8526 9.8426 9.8326 9.8226 9.8126 9.8026 9.7926 9.7826 9.7726 9.7622 9.7544 9.7502 9.7502 9.7522 9.7561 9.7619 9.7695 9.7787 9.7894 9.8015 9.8148 9.829 9.8439 9.8593 9.875 9.8907 9.9061 9.921 9.9352 9.9485 9.9606 9.9713 9.9805 9.9881 9.9939 9.9978 9.9998 9.9998 9.9978 9.9939 9.9881 9.9805 9.9713 9.9606 9.9485 9.9352 9.921 9.9061 9.8907 9.875
10.0426 10.0326 10.0226 10.0126 10.0026 9.9926 9.9826 9.9726 9.9626 9.9526 9.9426 9.9326 9.9226 9.9126 9.9026 9.8926 9.8826 9.8726 9.8626 9.8526 9.8426 9.8326 9.8226 9.8126 9.8026 9.7926 9.7826 9.7726 9.7622 9.7544 9.7502 9.7502 9.7522 9.7561 9.7619 9.7695 9.7787 9.7894 9.8015 9.8148 9.829 9.8439 9.8593 9.875 9.8907 9.9061 9.921 9.9352 9.9485 9.9606 9.9713 9.9805 9.9881 9.9939 9.9978 9.9998 9.9998 9.9978 9.9939 9.9881 9.9805 9.9713 9.9606 9.9485 9.9352 9.921 9.9061 9.8907 9.875
10.0426 10.0326 10.0226 10.0126 10.0026 9.9926 9.9826 9.9726 9.9626 9.9526 9.9426 9.9326 9.9226 9.9126 9.9026 9.8926 9.8826 9.8726 9.8626 9.8526 9.8426 9.8326 9.8226 9.8126 9.8026 9.7926 9.7826 9.7726 9.7622 9.7544 9.7502 9.7502 9.7522 9.7561 9.7619 9.7695 9.7787 9.7894 9.8015 9.8148 9.829 9.8439 9.8593 9.875 9.8907 9.9061 9.921 9.9352 9.9485 9.9606 9.9713 9.9805 9.9881 9.9939 9.9978 9.9998 9.9998 9.9978 9.9939 9.9881 9.9805 9.9713 9.9606 9.9485 9.9352 9.921 9.9061 9.8907 9.875
10.0426 10.0326 10.0226 10.0126 10.0026 9.9926 9.9826 9.9726 9.9626 9.9526 9.9426 9.9326 9.9226 9.9126 9.9026 9.8926 9.8826 9.8726 9.8626 9.8526 9.8426 9.8326 9.8226 9.8126 9.8026 9.7926 9.7826 9.7726 9.7622 9.7544 9.7502 9.7502 9.7522 9.7561 9.7619 9.7695 9.7787 9.7894 9.8015 9.8148 9.829 9.8439 9.8593 9.875 9.8907 9.9061 9.921 9.9352 9.9485 9.9606 9.9713 9.9805 9.9881 9.9939 9.9978 9.9998 9.9998 9.9978 9.9939 9.9881 9.9805 9.9713 9.9606 9.9485 9.9352 9.921 9.9061 9.8907 9.875
10.0426 10.0326 10.0226 10.0126 10.0026 9.9926 9.9826 9.9726 9.9626 9.9526 9.9426 9.9326 9.9226 9.9126 9.9026 9.8926 9.8826 9.8726 9.8626 9.8526 9.8426 9.8326 9.8226 9.8126 9.8026 9.7926 9.7826 9.7726 9.7622 9.7544 9.7502 9.7502 9.7522 9.7561 9.7619 9.7695 9.7787 9.7894 9.8015 9.8148 9.829 9.8439 9.8593 9.875 9.8907 9.9061 9.921 9.9352 9.9485 9.9606 9.9713 9.9805 9.9881 9.9939 9.9978 9.9998 9.9998 9.9978 9.9939 9.9881 9.9805 9.9713 9.9606 9.9485 9.9352 9.921 9.9061 9.8907 9.875
10.0426 10.0326 10.0226 10.0126 10.0026 9.9926 9.9826 9.9726 9.9626 9.9526 9.9426 9.9326 9.9226 9.9126 9.9026 9.8926 9.8826 9.8726 9.8626 9.8526 9.8426 9.8326 9.8226 9.8126 9.8026 9.7926 9.7826 9.7726 9.7622 9.7544 9.7502 9.7502 9.7522 9.7561 9.7619 9.7695 9.7787 9.7894 9.8015 9.8148 9.829 9.8439 9.8593 9.875 9.8907 9.9061 9.921 9.9352 9.9485 9.9606 9.9713 9.9805 9.9881 9.9939 9.9978 9.9998 9.9998 9.9978 9.9939 9.9881 9.9805 9.9713 9.9606 9.9485 9.9352 9.921 9.9061 9.8907 9.875
10.0426 10.0326 10.0226 10.0126 10.0026 9.9926 9.9826 9.9726 9.9626 9.9526 9.9426 9.9326 9.9226 9.9126 9.9026 9.8926 9.8826 9.8726 9.8626 9.8526 9.8426 9.8326 9.8226 9.8126 9.8026 9.7926 9.7826 9.7726 9.7622 9.7544 9.7502 9.7502 9.7522 9.7561 9.7619 9.7695 9.7787 9.7894 9.8015 9.8148 9.829 9.8439 9.8593 9.875 9.8907 9.9061 9.921 9.9352 9.9485 9.9606 9.9713 9.9805 9.9881 9.9939 9.9978 9.9998 9.9998 9.9978 9.9939 9.9881 9.9805 9.9713 9.9606 9.9485 9.9352 9.921 9.9061 9.8907 9.875
10.0426 10.0326 10.0226 10.0126 10.0026 9.9926 9.9826 9.9726 9.9626 9.9526 9.9426 9.9326 9.9226 9.9126 9.9026 9.8926 9.8826 9.8726 9.8626 9.8526 9.8426 9.8326 9.8226 9.8126 9.8026 9.7926 9.7826 9.7726 9.7622 9.7544 9.7502 9.7502 9.7522 9.7561 9.7619 9.7695 9.7787 9.7894 9.8015 9.8148 9.829 9.8439 9.8593 9.875 9.8907 9.9061 9.921 9.9352 9.9485 9.9606 9.9713 9.9805 9.9881 9.9939 9.9978 9.9998 9.9998 9.9978 9.9939 9.9881 9.9805 9.9713 9.9606 9.9485 9.9352 9.921 9.9061 9.8907 9.875
10.0426 10.0326 10.0226 10.0126 10.0026 9.9926 9.9826 9.9726 9.9626 9.9526 9.9426 9.9326 9.9226 9.9126 9.9026 9.8926 9.8826 9.8726 9.8626 9.8526 9.8426 9.8326 9.8226 9.8126 9.8026 9.7926 9.7826 9.7726 9.7622 9.7544 9.7502 9.7502 9.7522 9.7561 9.7619 9.7695 9.7787 9.7894 9.8015 9.8148 9.829 9.8439 9.8593 9.875 9.8907 9.9061 9.921 9.9352 9.9485 9.9606 9.9713 9.9805 9.9881 9.9939 9.9978 9.9998 9.9998 9.9978 9.9939 9.9881 9.9805 9.9713 9.9606 9.9485 9.9352 9.921 9.9061 9.8907 9.875
10.0426 10.0326 10.0226 10.0126 10.0026 9.9926 9.9826 9.9726 9.9626 9.9526 9.9426 9.9326 9.9226 9.9126 9.9026 9.8926 9.8826 9.8726 9.8626 9.8526 9.8426 9.8326 9.8226 9.8126 9.8026 9.7926 9.7826 9.7726 9.7622 9.7544 9.7502 9.7502 9.7522 9.7561 9.7619 9.7695 9.7787 9.7894 9.8015 9.8148 9.829 9.8439 9.8593 9.875 9.8907 9.9061 9.921 9.9352 9.9485 9.9606 9.9713 9.9805 9.9881 9.9939 9.9978 9.9998 9.9998 9.9978 9.9939 9.9881 9.9805 9.9713 9.9606 9.9485 9.9352 9.921 9.9061 9.8907 9.875
10.0426 10.0326 10.0226 10.0126 10.0026 9.9926 9.9826 9.9726 9.9626 9.9526 9.9426 9.9326 9.9226 9.9126 9.9026 9.8926 9.8826 9.8726 9.8626 9.8526 9.8426 9.8326 9.8226 9.8126 9.8026 9.7926 9.7826 9.7726 9.7622 9.7544 9.7502 9.7502 9.7522 9.7561 9.7619 9.7695 9.7787 9.7894 9.8015 9.8148 9.829 9.8439 9.8593 9.875 9.8907 9.9061 9.921 9.9352 9.9485 9.9606 9.9713 9.9805 9.9881 9.9939 9.9978 9.9998 9.9998 9.9978 9.9939 9.9881 9.9805 9.9713 9.9606 9.9485 9.9352 9.921 9.9061 9.8907 9.875
10.0426 10.0326 10.0226 10.0126 10.0026 9.9926 9.9826 9.9726 9.9626 9.9526 9.9426 9.9326 9.9226 9.9126 9.9026 9.8926 9.8826 9.8726 9.8626 9.8526 9.8426 9.8326 9.8226 9.8126 9.8026 9.7926 9.7826 9.7726 9.7622 9.7544 9.7502 9.7502 9.7522 9.7561 9.7619 9.7695 9.7787 9.7894 9.8015 9.8148 9.829 9.8439 9.8593 9.875 9.8907 9.9061 9.921 9.9352 9.9485 9.9606 9.9713 9.9805 9.9881 9.9939 9.9978 9.9998 9.9998 9.9978 9.9939 9.9881 9.9805 9.9713 9.9606 9.9485 9.9352 9.921 9.9061 9.8907 9.875
10.0426 10.0326 10.0226 10.0126 10.0026 9.9926 9.9826 9.9726 9.9626 9.9526 9.9426 9.9326 9.9226 9.9126 9.9026 9.8926 9.8826 9.8726 9.8626 9.8526 9.8426 9.8326 9.8226 9.8126 9.8026 9.7926 9.7826 9.7726 9.7622 9.7544 9.7502 9.7502 9.7522 9.7561 9.7619 9.7695 9.7787 9.7894 9.8015 9.8148 9.829 9.8439 9.8593 9.875 9.8907 9.9061 9.921 9.9352 9.9485 9.9606 9.9713 9.9805 9.9881 9.9939 9.9978 9.9998 9.9998 9.9978 9.9939 9.9881 9.9805 9.9713 9.9606 9.9485 9.9352 9.921 9.9061 9.8907 9.875
10.0426 10.0326 10.0226 10.0126 10.0026 9.9926 9.9826 9.9726 9.9626 9.9526 9.9426 9.9326 9.9226 9.9126 9.9026 9.8926 9.8826 9.8726 9.8626 9.8526 9.8426 9.8326 9.8226 9.8126 9.8026 9.7926 9.7826 9.7726 9.7622 9.7544 9.7502 9.7502 9.7522 9.7561 9.7619 9.7695 9.7787 9.7894 9.8015 9.8148 9.829 9.8439 9.8593 9.875 9.8907 9.9061 9.921 9.9352 9.9485 9.9606 9.9713 9.9805 9.9881 9.9939 9.9978 9.9998 9.9998 9.9978 9.9939 9.9881 9.9805 9.9713 9.9606 9.9485 9.9352 9.921 9.9061 9.8907 9.875
10.0426 10.0326 10.0226 10.0126 10.0026 9.9926 9.9826 9.9726 9.9626 9.9526 9.9426 9.9326 9.9226 9.9126 9.9026 9.8926 9.8826 9.8726 9.8626 9.8526 9.8426 9.8326 9.8226 9.8126 9.8026 9.7926 9.7826 9.7726 9.7622 9.7544 9.7502 9.7502 9.7522 9.7561 9.7619 9.7695 9.7787 9.7894 9.8015 9.8148 9.829 9.8439 9.8593 9.875 9.8907 9.9061 9.921 9.9352 9.9485 9.9606 9.9713 9.9805 9.9881 9.9939 9.9978 9.9998 9.9998 9.9978 9.9939 9.9881 9.9805 9.9713 9.9606 9.9485 9.9352 9.921 9.9061 9.8907 9.875
10.0426 10.0326 10.0226 10.0126 10.0026 9.9926 9.9826 9.9726 9.9626 9.9526 9.9426 9.9326 9.9226 9.9126 9.9026 9.8926 9.8826 9.8726 9.8626 9.8526 9.8426 9.8326 9.8226 9.8126 9.8026 9.7926 9.7826 9.7726 9.7622 9.7544 9.7502 9.7502 9.7522 9.7561 9.7619 9.7695 9.7787 9.7894 9.8015 9.8148 9.829 9.8439 9.8593 9.875 9.8907 9.9061 9.921 9.9352 9.9485 9.9606 9.9713 9.9805 9.9881 9.9939 9.9978 9.9998 9.9998 9.9978 9.9939 9.9881 9.9805 9.9713 9.9606 9.9485 9.9352 9.921 9.9061 9.8907 9.875
10.0426 10.0326 10.0226 10.0126 10.0026 9.9926 9.9826 9.9726 9.9626 9.9526 9.9426 9.9326 9.9226 9.9126 9.9026 9.8926 9.8826 9.8726 9.8626 9.8526 9.8426 9.8326 9.8226 9.8126 9.8026 9.7926 9.7826 9.7726 9.7622 9.7544 9.7502 9.7502 9.7522 9.7561 9.7619 9.7695 9.7787 9.7894 9.8015 9.8148 9.829 9.8439 9.8593 9.875 9.8907 9.9061 9.921 9.9352 9.9485 9.9606 9.9713 9.9805 9.9881 9.9939 9.9978 9.9998 9.9998 9.9978 9.9939 9.9881 9.9805 9.9713 9.9606 9.9485 9.9352 9.921 9.9061 9.8907 9.875
10.0426 10.0326 10.0226 10.0126 10.0026 9.9926 9.9826 9.9726 9.9626 9.9526 9.9426 9.9326 9.9226 9.9126 9.9026 9.8926 9.8826 9.8726 9.8626 9.8526 9.8426 9.8326 9.8226 9.8126 9.8026 9.7926 9.7826 9.7726 9.7622 9.7544 9.7502 9.7502 9.7522 9.7561 9.7619 9.7695 9.7787 9.7894 9.8015 9.8148 9.829 9.8439 9.8593 9.875 9.8907 9.9061 9.921 9.9352 9.9485 9.9606 9.9713 9.9805 9.9881 9.9939 9.9978 9.9998 9.9998 9.9978 9.9939 9.9881 9.9805 9.9713 9.9606 9.9485 9.9352 9.921 9.9061 9.8907 9.875
10.0426 10.0326 10.0226 10.0126 10.0026 9.9926 9.9826 9.9726 9.9626 9.9526 9.9426 9.9326 9.9226 9.9126 9.9026 9.8926 9.8826 9.8726 9.8626 9.8526 9.8426 9.8326 9.8226 9.8126 9.8026 9.7926 9.7826 9.7726 9.7622 9.7544 9.7502 9.7502 9.7522 9.7561 9.7619 9.7695 9.7787 9.7894 9.8015 9.8148 9.829 9.8439 9.8593 9.875 9.8907 9.9061 9.921 9.9352 9.9485 9.9606 9.9713 9.9805 9.9881 9.9939 9.9978 9.9998 9.9998 9.9978 9.9939 9.9881 9.9805 9.9713 9.9606 9.9485 9.9352 9.921 9.9061 9.8907 9.875
10.0426 10.0326 10.0226 10.0126 10.0026 9.9926 9.9826 9.9726 9.9626 9.9526 9.9426 9.9326 9.9226 9.9126 9.9026 9.8926 9.8826 9.8726 9.8626 9.8526 9.8426 9.8326 9.8226 9.8126 9.8026 9.7926 9.7826 9.7726 9.7622 9.7544 9.7502 9.7502 9.7522 9.7561 9.7619 9.7695 9.7787 9.7894 9.8015 9.8148 9.829 9.8439 9.8593 9.875 9.8907 9.9061 9.921 9.9352 9.9485 9.9606 9.9713 9.9805 9.9881 9.9939 9.9978 9.9998 9.9998 9.9978 9.9939 9.9881 9.9805 9.9713 9.9606 9.9485 9.9352 9.921 9.9061 9.8907 9.875
10.0426 10.0326 10.0226 10.0126 10.0026 9.9926 9.9826 9.9726 9.9626 9.9526 9.9426 9.9326 9.9226 9.9126 9.9026 9.8926 9.8826 9.8726 9.8626 9.8526 9.8426 9.8326 9.8226 9.8126 9.8026 9.7926 9.7826 9.7726 9.7622 9.7544 9.7502 9.7502 9.7522 9.7561 9.7619 9.7695 9.7787 9.7894 9.8015 9.8148 9.829 9.8439 9.8593 9.875 9.8907 9.9061 9.921 9.9352 9.9485 9.9606 9.9713 9.9805 9.9881 9.9939 9.9978 9.9998 9.9998 9.9978 9.9939 9.9881 9.9805 9.9713 9.9606 9.9485 9.9352 9.921 9.9061 9.8907 9.875
10.0426 10.0326 10.0226 10.0126 10.0026 9.9926 9.9826 9.9726 9.9626 9.9526 9.9426 9.9326 9.9226 9.9126 9.9026 9.8926 9.8826 9.8726 9.8626 9.8526 9.8426 9.8326 9.8226 9.8126 9.8026 9.7926 9.7826 9.7726 9.7622 9.7544 9.7502 9.7502 9.7522 9.7561 9.7619 9.7695 9.7787 9.7894 9.8015 9.8148 9.829 9.8439 9.8593 9.875 9.8907 9.9061 9.921 9.9352 9.9485 9.9606 9.9713 9.9805 9.9881 9.9939 9.9978 9.9998 9.9998 9.9978 9.9939 9.9881 9.9805 9.9713 9.9606 9.9485 9.9352 9.921 9.9061 9.8907 9.875
10.0426 10.0326 10.0226 10.0126 10.0026 9.9926 9.9826 9.9726 9.9626 9.9526 9.9426 9.9326 9.9226 9.9126 9.9026 9.8926 9.8826 9.8726 9.8626 9.8526 9.8426 9.8326 9.8226 9.8126 9.8026 9.7926 9.7826 9.7726 9.7622 9.7544 9.7502 9.7502 9.7522 9.7561 9.7619 9.7695 9.7787 9.7894 9.8015 9.8148 9.829 9.8439 9.8593 9.875 9.8907 9.9061 9.921 9.9352 9.9485 9.9606 9.9713 9.9805 9.9881 9.9939 9.9978 9.9998 9.9998 9.9978 9.9939 9.9881 9.9805 9.9713 9.9606 9.9485 9.9352 9.921 9.9061 9.8907 9.875
10.0426 10.0326 10.0226 10.0126 10.0026 9.9926 9.9826 9.9726 9.9626 9.9526 9.9426 9.9326 9.9226 9.9126 9.9026 9.8926 9.8826 9.8726 9.8626 9.8526 9.8426 9.8326 9.8226 9.8126 9.8026 9.7926 9.7826 9.7726 9.7622 9.7544 9.7502 9.7502 9.7522 9.7561 9.7619 9.7695 9.7787 9.7894 9.8015 9.8148 9.829 9.8439 9.8593 9.875 9.8907 9.9061 9.921 9.9352 9.9485 9.9606 9.9713 9.9805 9.9881 9.9939 9.9978 9.9998 9.9998 9.9978 9.9939 9.9881 9.9805 9.9713 9.9606 9.9485 9.9352 9.921 9.9061 9.8907 9.875
10.0426 10.0326 10.0226 10.0126 10.0026 9.9926 9.9826 9.9726 9.9626 9.9526 9.9426 9.9326 9.9226 9.9126 9.9026 9.8926 9.8826 9.8726 9.8626 9.8526 9.8426 9.8326 9.8226 9.8126 9.8026 9.7926 9.7826 9.7726 9.7622 9.7544 9.7502 9.7502 9.7522 9.7561 9.7619 9.7695 9.7787 9.7894 9.8015 9.8148 9.829 9.8439 9.8593 9.875 9.8907 9.9061 9.921 9.9352 9.9485 9.9606 9.9713 9.9805 9.9881 9.9939 9.9978 9.9998 9.9998 9.9978 9.9939 9.9881 9.9805 9.9713 9.9606 9.9485 9.9352 9.921 9.9061 9.8907 9.875
10.0426 10.0326 10.0226 10.0126 10.0026 9.9926 9.9826 9.9726 9.9626 9.9526 9.9426 9.9326 9.9226 9.9126 9.9026 9.8926 9.8826 9.8726 9.8626 9.8526 9.8426 9.8326 9.8226 9.8126 9.8026 9.7926 9.7826 9.7726 9.7622 9.7544 9.7502 9.7502 9.7522 9.7561 9.7619 9.7695 9.7787 9.7894 9.8015 9.8148 9.829 9.8439 9.8593 9.875 9.8907 9.9061 9.921 9.9352 9.9485 9.9606 9.9713 9.9805 9.9881 9.9939 9.9978 9.9998 9.9998 9.9978 9.9939 9.9881 9.9805 9.9713 9.9606 9.9485 9.9352 9.921 9.9061 9.8907 9.875
10.0426 10.0326 10.0226 10.0126 10.0026 9.9926 9.9826 9.9726 9.9626 9.9526 9.9426 9.9326 9.9226 9.9126 9.9026 9.8926 9.8826 9.8726 9.8626 9.8526 9.8426 9.8326 9.8226 9.8126 9.8026 9.7926 9.7826 9.7726 9.7622 9.7544 9.7502 9.7502 9.7522 9.7561 9.7619 9.7695 9.7787 9.7894 9.8015 9.8148 9.829 9.8439 9.8593 9.875 9.8907 9.9061 9.921 9.9352 9.9485 9.9606 9.9713 9.9805 9.9881 9.9939 9.9978 9.9998 9.9998 9.9978 9.9939 9.9881 9.9805 9.9713 9.9606 9.9485 9.9352 9.921 9.9061 9.8907 9.875
10.0426 10.0326 10.0226 10.0126 10.0026 9.9926 9.9826 9.9726 9.9626 9.9526 9.9426 9.9326 9.9226 9.9126 9.9026 9.8926 9.8826 9.8726 9.8626 9.8526 9.8426 9.8326 9.8226 9.8126 9.8026 9.7926 9.7826 9.7726 9.7622 9.7544 9.7502 9.7502 9.7522 9.7561 9.7619 9.7695 9.7787 9.7894 9.8015 9.8148 9.829 9.8439 9.8593 9.875 9.8907 9.9061 9.921 9.9352 9.9485 9.9606 9.9713 9.9805 9.9881 9.9939 9.9978 9.9998 9.9998 9.9978 9.9939 9.9881 9.9805 9.9713 9.9606 9.9485 9.9352 9.921 9.9061 9.8907 9.875
10.0426 10.0326 10.0226 10.0126 10.0026 9.9926 9.9826 9.9726 9.9626 9.9526 9.9426 9.9326 9.9226 9.9126 9.9026 9.8926 9.8826 9.8726 9.8626 9.8526 9.8426 9.8326 9.8226 9.8126 9.8026 9.7926 9.7826 9.7726 9.7622 9.7544 9.7502 9.7502 9.7522 9.7561 9.7619 9.7695 9.7787 9.7894 9.8015 9.8148 9.829 9.8439 9.8593 9.875 9.8907 9.9061 9.921 9.9352 9.9485 9.9606 9.9713 9.9805 9.9881 9.9939 9.9978 9.9998 9.9998 9.9978 9.9939 9.9881 9.9805 9.9713 9.9606 9.9485 9.9352 9.921 9.9061 9.8907 9.875
10.0426 10.0326 10.0226 10.0126 10.0026 9.9926 9.9826 9.9726 9.9626 9.9526 9.9426 9.9326 9.9226 9.9126 9.9026 9.8926 9.8826 9.8726 9.8626 9.8526 9.8426 9.8326 9.8226 9.8126 9.8026 9.7926 9.7826 9.7726 9.7622 9.7544 9.7502 9.7502 9.7522 9.7561 9.7619 9.7695 9.7787 9.7894 9.8015 9.8148 9.829 9.8439 9.8593 9.875 9.8907 9.9061 9.921 9.9352 9.9485 9.9606 9.9713 9.9805 9.9881 9.9939 9.9978 9.9998 9.9998 9.9978 9.9939 9.9881 9.9805 9.9713 9.9606 9.9485 9.9352 9.921 9.9061 9.8907 9.875
