Examples/_Benchmarking_Model_Data/Test1/dem19.asc
ncols         74
nrows         14
xllcorner     -20.0000000000
yllcorner     -18.0000000000
cellsize      10
nodata_value  -9999.0
9.619 9.64 9.661 9.683 9.704 9.725 9.747 9.768 9.789 9.811 9.832 9.853 9.875 9.896 9.917 9.938 9.96 9.981 10.002 10.024 10.045 10.066 10.087 10.109 10.13 10.151 10.173 10.194 10.215 10.232 10.244 10.25 10.25 10.247 10.238 10.223 10.202 10.177 10.147 10.113 10.077 10.039 10 9.961 9.923 9.887 9.853 9.823 9.798 9.777 9.762 9.753 9.751 9.758 9.771 9.789 9.813 9.841 9.873 9.908 9.946 9.984 10.024 10.063 10.102 10.141 10.181 10.22 10.259 10.299 10.338 10.377 10.416 10.455
9.619 9.64 9.661 9.683 9.704 9.725 9.747 9.768 9.789 9.811 9.832 9.853 9.875 9.896 9.917 9.938 9.96 9.981 10.002 10.024 10.045 10.066 10.087 10.109 10.13 10.151 10.173 10.194 10.215 10.232 10.244 10.25 10.25 10.247 10.238 10.223 10.202 10.177 10.147 10.113 10.077 10.039 10 9.961 9.923 9.887 9.853 9.823 9.798 9.777 9.762 9.753 9.751 9.758 9.771 9.789 9.813 9.841 9.873 9.908 9.946 9.984 10.024 10.063 10.102 10.141 10.181 10.22 10.259 10.299 10.338 10.377 10.416 10.455
9.619 9.64 9.661 9.683 9.704 9.725 9.747 9.768 9.789 9.811 9.832 9.853 9.875 9.896 9.917 9.938 9.96 9.981 10.002 10.024 10.045 10.066 10.087 10.109 10.13 10.151 10.173 10.194 10.215 10.232 10.244 10.25 10.25 10.247 10.238 10.223 10.202 10.177 10.147 10.113 10.077 10.039 10 9.961 9.923 9.887 9.853 9.823 9.798 9.777 9.762 9.753 9.751 9.758 9.771 9.789 9.813 9.841 9.873 9.908 9.946 9.984 10.024 10.063 10.102 10.141 10.181 10.22 10.259 10.299 10.338 10.377 10.416 10.455
9.619 9.64 9.661 9.683 9.704 9.725 9.747 9.768 9.789 9.811 9.832 9.853 9.875 9.896 9.917 9.938 9.96 9.981 10.002 10.024 10.045 10.066 10.087 10.109 10.13 10.151 10.173 10.194 10.215 10.232 10.244 10.25 10.25 10.247 10.238 10.223 10.202 10.177 10.147 10.113 10.077 10.039 10 9.961 9.923 9.887 9.853 9.823 9.798 9.777 9.762 9.753 9.751 9.758 9.771 9.789 9.813 9.841 9.873 9.908 9.946 9.984 10.024 10.063 10.102 10.141 10.181 10.22 10.259 10.299 10.338 10.377 10.416 10.455
9.619 9.64 9.661 9.683 9.704 9.725 9.747 9.768 9.789 9.811 9.832 9.853 9.875 9.896 9.917 9.938 9.96 9.981 10.002 10.024 10.045 10.066 10.087 10.109 10.13 10.151 10.173 10.194 10.215 10.232 10.244 10.25 10.25 10.247 10.238 10.223 10.202 10.177 10.147 10.113 10.077 10.039 10 9.961 9.923 9.887 9.853 9.823 9.798 9.777 9.762 9.753 9.751 9.758 9.771 9.789 9.813 9.841 9.873 9.908 9.946 9.984 10.024 10.063 10.102 10.141 10.181 10.22 10.259 10.299 10.338 10.377 10.416 10.455
9.619 9.64 9.661 9.683 9.704 9.725 9.747 9.768 9.789 9.811 9.832 9.853 9.875 9.896 9.917 9.938 9.96 9.981 10.002 10.024 10.045 10.066 10.087 10.109 10.13 10.151 10.173 10.194 10.215 10.232 10.244 10.25 10.25 10.247 10.238 10.223 10.202 10.177 10.147 10.113 10.077 10.039 10 9.961 9.923 9.887 9.853 9.823 9.798 9.777 9.762 9.753 9.751 9.758 9.771 9.789 9.813 9.841 9.873 9.908 9.946 9.984 10.024 10.063 10.102 10.141 10.181 10.22 10.259 10.299 10.338 10.377 10.416 10.455
9.619 9.64 9.661 9.683 9.704 9.725 9.747 9.768 9.789 9.811 9.832 9.853 9.875 9.896 9.917 9.938 9.96 9.981 10.002 10.024 10.045 10.066 10.087 10.109 10.13 10.151 10.173 10.194 10.215 10.232 10.244 10.25 10.25 10.247 10.238 10.223 10.202 10.177 10.147 10.113 10.077 10.039 10 9.961 9.923 9.887 9.853 9.823 9.798 9.777 9.762 9.753 9.751 9.758 9.771 9.789 9.813 9.841 9.873 9.908 9.946 9.984 10.024 10.063 10.102 10.141 10.181 10.22 10.259 10.299 10.338 10.377 10.416 10.455
9.619 9.64 9.661 9.683 9.704 9.725 9.747 9.768 9.789 9.811 9.832 9.853 9.875 9.896 9.917 9.938 9.96 9.981 10.002 10.024 10.045 10.066 10.087 10.109 10.13 10.151 10.173 10.194 10.215 10.232 10.244 10.25 10.25 10.247 10.238 10.223 10.202 10.177 10.147 10.113 10.077 10.039 10 9.961 9.923 9.887 9.853 9.823 9.798 9.777 9.762 9.753 9.751 9.758 9.771 9.789 9.813 9.841 9.873 9.908 9.946 9.984 10.024 10.063 10.102 10.141 10.181 10.22 10.259 10.299 10.338 10.377 10.416 10.455
9.619 9.64 9.661 9.683 9.704 9.725 9.747 9.768 9.789 9.811 9.832 9.853 9.875 9.896 9.917 9.938 9.96 9.981 10.002 10.024 10.045 10.066 10.087 10.109 10.13 10.151 10.173 10.194 10.215 10.232 10.244 10.25 10.25 10.247 10.238 10.223 10.202 10.177 10.147 10.113 10.077 10.039 10 9.961 9.923 9.887 9.853 9.823 9.798 9.777 9.762 9.753 9.751 9.758 9.771 9.789 9.813 9.841 9.873 9.908 9.946 9.984 10.024 10.063 10.102 10.141 10.181 10.22 10.259 10.299 10.338 10.377 10.416 10.455
9.619 9.64 9.661 9.683 9.704 9.725 9.747 9.768 9.789 9.811 9.832 9.853 9.875 9.896 9.917 9.938 9.96 9.981 10.002 10.024 10.045 10.066 10.087 10.109 10.13 10.151 10.173 10.194 10.215 10.232 10.244 10.25 10.25 10.247 10.238 10.223 10.202 10.177 10.147 10.113 10.077 10.039 10 9.961 9.923 9.887 9.853 9.823 9.798 9.777 9.762 9.753 9.751 9.758 9.771 9.789 9.813 9.841 9.873 9.908 9.946 9.984 10.024 10.063 10.102 10.141 10.181 10.22 10.259 10.299 10.338 10.377 10.416 10.455
9.619 9.64 9.661 9.683 9.704 9.725 9.747 9.768 9.789 9.811 9.832 9.853 9.875 9.896 9.917 9.938 9.96 9.981 10.002 10.024 10.045 10.066 10.087 10.109 10.13 10.151 10.173 10.194 10.215 10.232 10.244 10.25 10.25 10.247 10.238 10.223 10.202 10.177 10.147 10.113 10.077 10.039 10 9.961 9.923 9.887 9.853 9.823 9.798 9.777 9.762 9.753 9.751 9.758 9.771 9.789 9.813 9.841 9.873 9.908 9.946 9.984 10.024 10.063 10.102 10.141 10.181 10.22 10.259 10.299 10.338 10.377 10.416 10.455
9.619 9.64 9.661 9.683 9.704 9.725 9.747 9.768 9.789 9.811 9.832 9.853 9.875 9.896 9.917 9.938 9.96 9.981 10.002 10.024 10.045 10.066 10.087 10.109 10.13 10.151 10.173 10.194 10.215 10.232 10.244 10.25 10.25 10.247 10.238 10.223 10.202 10.177 10.147 10.113 10.077 10.039 10 9.961 9.923 9.887 9.853 9.823 9.798 9.777 9.762 9.753 9.751 9.758 9.771 9.789 9.813 9.841 9.873 9.908 9.946 9.984 10.024 10.063 10.102 10.141 10.181 10.22 10.259 10.299 10.338 10.377 10.416 10.455
9.619 9.64 9.661 9.683 9.704 9.725 9.747 9.768 9.789 9.811 9.832 9.853 9.875 9.896 9.917 9.938 9.96 9.981 10.002 10.024 10.045 10.066 10.087 10.109 10.13 10.151 10.173 10.194 10.215 10.232 10.244 10.25 10.25 10.247 10.238 10.223 10.202 10.177 10.147 10.113 10.077 10.039 10 9.961 9.923 9.887 9.853 9.823 9.798 9.777 9.762 9.753 9.751 9.758 9.771 9.789 9.813 9.841 9.873 9.908 9.946 9.984 10.024 10.063 10.102 10.141 10.181 10.22 10.259 10.299 10.338 10.377 10.416 10.455
9.619 9.64 9.661 9.683 9.704 9.725 9.747 9.768 9.789 9.811 9.832 9.853 9.875 9.896 9.917 9.938 9.96 9.981 10.002 10.024 10.045 10.066 10.087 10.109 10.13 10.151 10.173 10.194 10.215 10.232 10.244 10.25 10.25 10.247 10.238 10.223 10.202 10.177 10.147 10.113 10.077 10.039 10 9.961 9.923 9.887 9.853 9.823 9.798 9.777 9.762 9.753 9.751 9.758 9.771 9.789 9.813 9.841 9.873 9.908 9.946 9.984 10.024 10.063 10.102 10.141 10.181 10.22 10.259 10.299 10.338 10.377 10.416 10.455
