Examples/_Benchmarking_Model_Data/Test1/test1DEM.asc
ncols 371
nrows 71
xllcorner -20
yllcorner -20
cellsize 2
nodata_value -999
[rows 31 to 61 of 71, columns 140 to 209 of 371]
10.2024 10.2067 10.2109 10.2152 10.2191 10.2228 10.2262 10.2294 10.2324 10.2352 10.2378 10.2401 10.2421 10.244 10.2456 10.2469 10.248 10.2489 10.2495 10.2499 10.25 10.2499 10.2495 10.2489 10.248 10.2469 10.2456 10.244 10.2421 10.2401 10.2378 10.2352 10.2324 10.2294 10.2262 10.2228 10.2191 10.2152 10.2111 10.2068 10.2023 10.1975 10.1926 10.1875 10.1822 10.1768 10.1711 10.1653 10.1594 10.1532 10.1469 10.1405 10.134 10.1273 10.1204 10.1135 10.1064 10.0993 10.092 10.0847 10.0773 10.0697 10.0622 10.0545 10.0468 10.0391 10.0313 10.0235 10.0157 10.0079
10.2024 10.2067 10.2109 10.2152 10.2191 10.2228 10.2262 10.2294 10.2324 10.2352 10.2378 10.2401 10.2421 10.244 10.2456 10.2469 10.248 10.2489 10.2495 10.2499 10.25 10.2499 10.2495 10.2489 10.248 10.2469 10.2456 10.244 10.2421 10.2401 10.2378 10.2352 10.2324 10.2294 10.2262 10.2228 10.2191 10.2152 10.2111 10.2068 10.2023 10.1975 10.1926 10.1875 10.1822 10.1768 10.1711 10.1653 10.1594 10.1532 10.1469 10.1405 10.134 10.1273 10.1204 10.1135 10.1064 10.0993 10.092 10.0847 10.0773 10.0697 10.0622 10.0545 10.0468 10.0391 10.0313 10.0235 10.0157 10.0079
10.2024 10.2067 10.2109 10.2152 10.2191 10.2228 10.2262 10.2294 10.2324 10.2352 10.2378 10.2401 10.2421 10.244 10.2456 10.2469 10.248 10.2489 10.2495 10.2499 10.25 10.2499 10.2495 10.2489 10.248 10.2469 10.2456 10.244 10.2421 10.2401 10.2378 10.2352 10.2324 10.2294 10.2262 10.2228 10.2191 10.2152 10.2111 10.2068 10.2023 10.1975 10.1926 10.1875 10.1822 10.1768 10.1711 10.1653 10.1594 10.1532 10.1469 10.1405 10.134 10.1273 10.1204 10.1135 10.1064 10.0993 10.092 10.0847 10.0773 10.0697 10.0622 10.0545 10.0468 10.0391 10.0313 10.0235 10.0157 10.0079
10.2024 10.2067 10.2109 10.2152 10.2191 10.2228 10.2262 10.2294 10.2324 10.2352 10.2378 10.2401 10.2421 10.244 10.2456 10.2469 10.248 10.2489 10.2495 10.2499 10.25 10.2499 10.2495 10.2489 10.248 10.2469 10.2456 10.244 10.2421 10.2401 10.2378 10.2352 10.2324 10.2294 10.2262 10.2228 10.2191 10.2152 10.2111 10.2068 10.2023 10.1975 10.1926 10.1875 10.1822 10.1768 10.1711 10.1653 10.1594 10.1532 10.1469 10.1405 10.134 10.1273 10.1204 10.1135 10.1064 10.0993 10.092 10.0847 10.0773 10.0697 10.0622 10.0545 10.0468 10.0391 10.0313 10.0235 10.0157 10.0079
10.2024 10.2067 10.2109 10.2152 10.2191 10.2228 10.2262 10.2294 10.2324 10.2352 10.2378 10.2401 10.2421 10.244 10.2456 10.2469 10.248 10.2489 10.2495 10.2499 10.25 10.2499 10.2495 10.2489 10.248 10.2469 10.2456 10.244 10.2421 10.2401 10.2378 10.2352 10.2324 10.2294 10.2262 10.2228 10.2191 10.2152 10.2111 10.2068 10.2023 10.1975 10.1926 10.1875 10.1822 10.1768 10.1711 10.1653 10.1594 10.1532 10.1469 10.1405 10.134 10.1273 10.1204 10.1135 10.1064 10.0993 10.092 10.0847 10.0773 10.0697 10.0622 10.0545 10.0468 10.0391 10.0313 10.0235 10.0157 10.0079
10.2024 10.2067 10.2109 10.2152 10.2191 10.2228 10.2262 10.2294 10.2324 10.2352 10.2378 10.2401 10.2421 10.244 10.2456 10.2469 10.248 10.2489 10.2495 10.2499 10.25 10.2499 10.2495 10.2489 10.248 10.2469 10.2456 10.244 10.2421 10.2401 10.2378 10.2352 10.2324 10.2294 10.2262 10.2228 10.2191 10.2152 10.2111 10.2068 10.2023 10.1975 10.1926 10.1875 10.1822 10.1768 10.1711 10.1653 10.1594 10.1532 10.1469 10.1405 10.134 10.1273 10.1204 10.1135 10.1064 10.0993 10.092 10.0847 10.0773 10.0697 10.0622 10.0545 10.0468 10.0391 10.0313 10.0235 10.0157 10.0079
10.2024 10.2067 10.2109 10.2152 10.2191 10.2228 10.2262 10.2294 10.2324 10.2352 10.2378 10.2401 10.2421 10.244 10.2456 10.2469 10.248 10.2489 10.2495 10.2499 10.25 10.2499 10.2495 10.2489 10.248 10.2469 10.2456 10.244 10.2421 10.2401 10.2378 10.2352 10.2324 10.2294 10.2262 10.2228 10.2191 10.2152 10.2111 10.2068 10.2023 10.1975 10.1926 10.1875 10.1822 10.1768 10.1711 10.1653 10.1594 10.1532 10.1469 10.1405 10.134 10.1273 10.1204 10.1135 10.1064 10.0993 10.092 10.0847 10.0773 10.0697 10.0622 10.0545 10.0468 10.0391 10.0313 10.0235 10.0157 10.0079
10.2024 10.2067 10.2109 10.2152 10.2191 10.2228 10.2262 10.2294 10.2324 10.2352 10.2378 10.2401 10.2421 10.244 10.2456 10.2469 10.248 10.2489 10.2495 10.2499 10.25 10.2499 10.2495 10.2489 10.248 10.2469 10.2456 10.244 10.2421 10.2401 10.2378 10.2352 10.2324 10.2294 10.2262 10.2228 10.2191 10.2152 10.2111 10.2068 10.2023 10.1975 10.1926 10.1875 10.1822 10.1768 10.1711 10.1653 10.1594 10.1532 10.1469 10.1405 10.134 10.1273 10.1204 10.1135 10.1064 10.0993 10.092 10.0847 10.0773 10.0697 10.0622 10.0545 10.0468 10.0391 10.0313 10.0235 10.0157 10.0079
10.2024 10.2067 10.2109 10.2152 10.2191 10.2228 10.2262 10.2294 10.2324 10.2352 10.2378 10.2401 10.2421 10.244 10.2456 10.2469 10.248 10.2489 10.2495 10.2499 10.25 10.2499 10.2495 10.2489 10.248 10.2469 10.2456 10.244 10.2421 10.2401 10.2378 10.2352 10.2324 10.2294 10.2262 10.2228 10.2191 10.2152 10.2111 10.2068 10.2023 10.1975 10.1926 10.1875 10.1822 10.1768 10.1711 10.1653 10.1594 10.1532 10.1469 10.1405 10.134 10.1273 10.1204 10.1135 10.1064 10.0993 10.092 10.0847 10.0773 10.0697 10.0622 10.0545 10.0468 10.0391 10.0313 10.0235 10.0157 10.0079
10.2024 10.2067 10.2109 10.2152 10.2191 10.2228 10.2262 10.2294 10.2324 10.2352 10.2378 10.2401 10.2421 10.244 10.2456 10.2469 10.248 10.2489 10.2495 10.2499 10.25 10.2499 10.2495 10.2489 10.248 10.2469 10.2456 10.244 10.2421 10.2401 10.2378 10.2352 10.2324 10.2294 10.2262 10.2228 10.2191 10.2152 10.2111 10.2068 10.2023 10.1975 10.1926 10.1875 10.1822 10.1768 10.1711 10.1653 10.1594 10.1532 10.1469 10.1405 10.134 10.1273 10.1204 10.1135 10.1064 10.0993 10.092 10.0847 10.0773 10.0697 10.0622 10.0545 10.0468 10.0391 10.0313 10.0235 10.0157 10.0079
10.2024 10.2067 10.2109 10.2152 10.2191 10.2228 10.2262 10.2294 10.2324 10.2352 10.2378 10.2401 10.2421 10.244 10.2456 10.2469 10.248 10.2489 10.2495 10.2499 10.25 10.2499 10.2495 10.2489 10.248 10.2469 10.2456 10.244 10.2421 10.2401 10.2378 10.2352 10.2324 10.2294 10.2262 10.2228 10.2191 10.2152 10.2111 10.2068 10.2023 10.1975 10.1926 10.1875 10.1822 10.1768 10.1711 10.1653 10.1594 10.1532 10.1469 10.1405 10.134 10.1273 10.1204 10.1135 10.1064 10.0993 10.092 10.0847 10.0773 10.0697 10.0622 10.0545 10.0468 10.0391 10.0313 10.0235 10.0157 10.0079
10.2024 10.2067 10.2109 10.2152 10.2191 10.2228 10.2262 10.2294 10.2324 10.2352 10.2378 10.2401 10.2421 10.244 10.2456 10.2469 10.248 10.2489 10.2495 10.2499 10.25 10.2499 10.2495 10.2489 10.248 10.2469 10.2456 10.244 10.2421 10.2401 10.2378 10.2352 10.2324 10.2294 10.2262 10.2228 10.2191 10.2152 10.2111 10.2068 10.2023 10.1975 10.1926 10.1875 10.1822 10.1768 10.1711 10.1653 10.1594 10.1532 10.1469 10.1405 10.134 10.1273 10.1204 10.1135 10.1064 10.0993 10.092 10.0847 10.0773 10.0697 10.0622 10.0545 10.0468 10.0391 10.0313 10.0235 10.0157 10.0079
10.2024 10.2067 10.2109 10.2152 10.2191 10.2228 10.2262 10.2294 10.2324 10.2352 10.2378 10.2401 10.2421 10.244 10.2456 10.2469 10.248 10.2489 10.2495 10.2499 10.25 10.2499 10.2495 10.2489 10.248 10.2469 10.2456 10.244 10.2421 10.2401 10.2378 10.2352 10.2324 10.2294 10.2262 10.2228 10.2191 10.2152 10.2111 10.2068 10.2023 10.1975 10.1926 10.1875 10.1822 10.1768 10.1711 10.1653 10.1594 10.1532 10.1469 10.1405 10.134 10.1273 10.1204 10.1135 10.1064 10.0993 10.092 10.0847 10.0773 10.0697 10.0622 10.0545 10.0468 10.0391 10.0313 10.0235 10.0157 10.0079
10.2024 10.2067 10.2109 10.2152 10.2191 10.2228 10.2262 10.2294 10.2324 10.2352 10.2378 10.2401 10.2421 10.244 10.2456 10.2469 10.248 10.2489 10.2495 10.2499 10.25 10.2499 10.2495 10.2489 10.248 10.2469 10.2456 10.244 10.2421 10.2401 10.2378 10.2352 10.2324 10.2294 10.2262 10.2228 10.2191 10.2152 10.2111 10.2068 10.2023 10.1975 10.1926 10.1875 10.1822 10.1768 10.1711 10.1653 10.1594 10.1532 10.1469 10.1405 10.134 10.1273 10.1204 10.1135 10.1064 10.0993 10.092 10.0847 10.0773 10.0697 10.0622 10.0545 10.0468 10.0391 10.0313 10.0235 10.0157 10.0079
10.2024 10.2067 10.2109 10.2152 10.2191 10.2228 10.2262 10.2294 10.2324 10.2352 10.2378 10.2401 10.2421 10.244 10.2456 10.2469 10.248 10.2489 10.2495 10.2499 10.25 10.2499 10.2495 10.2489 10.248 10.2469 10.2456 10.244 10.2421 10.2401 10.2378 10.2352 10.2324 10.2294 10.2262 10.2228 10.2191 10.2152 10.2111 10.2068 10.2023 10.1975 10.1926 10.1875 10.1822 10.1768 10.1711 10.1653 10.1594 10.1532 10.1469 10.1405 10.134 10.1273 10.1204 10.1135 10.1064 10.0993 10.092 10.0847 10.0773 10.0697 10.0622 10.0545 10.0468 10.0391 10.0313 10.0235 10.0157 10.0079
10.2024 10.2067 10.2109 10.2152 10.2191 10.2228 10.2262 10.2294 10.2324 10.2352 10.2378 10.2401 10.2421 10.244 10.2456 10.2469 10.248 10.2489 10.2495 10.2499 10.25 10.2499 10.2495 10.2489 10.248 10.2469 10.2456 10.244 10.2421 10.2401 10.2378 10.2352 10.2324 10.2294 10.2262 10.2228 10.2191 10.2152 10.2111 10.2068 10.2023 10.1975 10.1926 10.1875 10.1822 10.1768 10.1711 10.1653 10.1594 10.1532 10.1469 10.1405 10.134 10.1273 10.1204 10.1135 10.1064 10.0993 10.092 10.0847 10.0773 10.0697 10.0622 10.0545 10.0468 10.0391 10.0313 10.0235 10.0157 10.0079
10.2024 10.2067 10.2109 10.2152 10.2191 10.2228 10.2262 10.2294 10.2324 10.2352 10.2378 10.2401 10.2421 10.244 10.2456 10.2469 10.248 10.2489 10.2495 10.2499 10.25 10.2499 10.2495 10.2489 10.248 10.2469 10.2456 10.244 10.2421 10.2401 10.2378 10.2352 10.2324 10.2294 10.2262 10.2228 10.2191 10.2152 10.2111 10.2068 10.2023 10.1975 10.1926 10.1875 10.1822 10.1768 10.1711 10.1653 10.1594 10.1532 10.1469 10.1405 10.134 10.1273 10.1204 10.1135 10.1064 10.0993 10.092 10.0847 10.0773 10.0697 10.0622 10.0545 10.0468 10.0391 10.0313 10.0235 10.0157 10.0079
10.2024 10.2067 10.2109 10.2152 10.2191 10.2228 10.2262 10.2294 10.2324 10.2352 10.2378 10.2401 10.2421 10.244 10.2456 10.2469 10.248 10.2489 10.2495 10.2499 10.25 10.2499 10.2495 10.2489 10.248 10.2469 10.2456 10.244 10.2421 10.2401 10.2378 10.2352 10.2324 10.2294 10.2262 10.2228 10.2191 10.2152 10.2111 10.2068 10.2023 10.1975 10.1926 10.1875 10.1822 10.1768 10.1711 10.1653 10.1594 10.1532 10.1469 10.1405 10.134 10.1273 10.1204 10.1135 10.1064 10.0993 10.092 10.0847 10.0773 10.0697 10.0622 10.0545 10.0468 10.0391 10.0313 10.0235 10.0157 10.0079
10.2024 10.2067 10.2109 10.2152 10.2191 10.2228 10.2262 10.2294 10.2324 10.2352 10.2378 10.2401 10.2421 10.244 10.2456 10.2469 10.248 10.2489 10.2495 10.2499 10.25 10.2499 10.2495 10.2489 10.248 10.2469 10.2456 10.244 10.2421 10.2401 10.2378 10.2352 10.2324 10.2294 10.2262 10.2228 10.2191 10.2152 10.2111 10.2068 10.2023 10.1975 10.1926 10.1875 10.1822 10.1768 10.1711 10.1653 10.1594 10.1532 10.1469 10.1405 10.134 10.1273 10.1204 10.1135 10.1064 10.0993 10.092 10.0847 10.0773 10.0697 10.0622 10.0545 10.0468 10.0391 10.0313 10.0235 10.0157 10.0079
10.2024 10.2067 10.2109 10.2152 10.2191 10.2228 10.2262 10.2294 10.2324 10.2352 10.2378 10.2401 10.2421 10.244 10.2456 10.2469 10.248 10.2489 10.2495 10.2499 10.25 10.2499 10.2495 10.2489 10.248 10.2469 10.2456 10.244 10.2421 10.2401 10.2378 10.2352 10.2324 10.2294 10.2262 10.2228 10.2191 10.2152 10.2111 10.2068 10.2023 10.1975 10.1926 10.1875 10.1822 10.1768 10.1711 10.1653 10.1594 10.1532 10.1469 10.1405 10.134 10.1273 10.1204 10.1135 10.1064 10.0993 10.092 10.0847 10.0773 10.0697 10.0622 10.0545 10.0468 10.0391 10.0313 10.0235 10.0157 10.0079
10.2024 10.2067 10.2109 10.2152 10.2191 10.2228 10.2262 10.2294 10.2324 10.2352 10.2378 10.2401 10.2421 10.244 10.2456 10.2469 10.248 10.2489 10.2495 10.2499 10.25 10.2499 10.2495 10.2489 10.248 10.2469 10.2456 10.244 10.2421 10.2401 10.2378 10.2352 10.2324 10.2294 10.2262 10.2228 10.2191 10.2152 10.2111 10.2068 10.2023 10.1975 10.1926 10.1875 10.1822 10.1768 10.1711 10.1653 10.1594 10.1532 10.1469 10.1405 10.134 10.1273 10.1204 10.1135 10.1064 10.0993 10.092 10.0847 10.0773 10.0697 10.0622 10.0545 10.0468 10.0391 10.0313 10.0235 10.0157 10.0079
10.2024 10.2067 10.2109 10.2152 10.2191 10.2228 10.2262 10.2294 10.2324 10.2352 10.2378 10.2401 10.2421 10.244 10.2456 10.2469 10.248 10.2489 10.2495 10.2499 10.25 10.2499 10.2495 10.2489 10.248 10.2469 10.2456 10.244 10.2421 10.2401 10.2378 10.2352 10.2324 10.2294 10.2262 10.2228 10.2191 10.2152 10.2111 10.2068 10.2023 10.1975 10.1926 10.1875 10.1822 10.1768 10.1711 10.1653 10.1594 10.1532 10.1469 10.1405 10.134 10.1273 10.1204 10.1135 10.1064 10.0993 10.092 10.0847 10.0773 10.0697 10.0622 10.0545 10.0468 10.0391 10.0313 10.0235 10.0157 10.0079
10.2024 10.2067 10.2109 10.2152 10.2191 10.2228 10.2262 10.2294 10.2324 10.2352 10.2378 10.2401 10.2421 10.244 10.2456 10.2469 10.248 10.2489 10.2495 10.2499 10.25 10.2499 10.2495 10.2489 10.248 10.2469 10.2456 10.244 10.2421 10.2401 10.2378 10.2352 10.2324 10.2294 10.2262 10.2228 10.2191 10.2152 10.2111 10.2068 10.2023 10.1975 10.1926 10.1875 10.1822 10.1768 10.1711 10.1653 10.1594 10.1532 10.1469 10.1405 10.134 10.1273 10.1204 10.1135 10.1064 10.0993 10.092 10.0847 10.0773 10.0697 10.0622 10.0545 10.0468 10.0391 10.0313 10.0235 10.0157 10.0079
10.2024 10.2067 10.2109 10.2152 10.2191 10.2228 10.2262 10.2294 10.2324 10.2352 10.2378 10.2401 10.2421 10.244 10.2456 10.2469 10.248 10.2489 10.2495 10.2499 10.25 10.2499 10.2495 10.2489 10.248 10.2469 10.2456 10.244 10.2421 10.2401 10.2378 10.2352 10.2324 10.2294 10.2262 10.2228 10.2191 10.2152 10.2111 10.2068 10.2023 10.1975 10.1926 10.1875 10.1822 10.1768 10.1711 10.1653 10.1594 10.1532 10.1469 10.1405 10.134 10.1273 10.1204 10.1135 10.1064 10.0993 10.092 10.0847 10.0773 10.0697 10.0622 10.0545 10.0468 10.0391 10.0313 10.0235 10.0157 10.0079
10.2024 10.2067 10.2109 10.2152 10.2191 10.2228 10.2262 10.2294 10.2324 10.2352 10.2378 10.2401 10.2421 10.244 10.2456 10.2469 10.248 10.2489 10.2495 10.2499 10.25 10.2499 10.2495 10.2489 10.248 10.2469 10.2456 10.244 10.2421 10.2401 10.2378 10.2352 10.2324 10.2294 10.2262 10.2228 10.2191 10.2152 10.2111 10.2068 10.2023 10.1975 10.1926 10.1875 10.1822 10.1768 10.1711 10.1653 10.1594 10.1532 10.1469 10.1405 10.134 10.1273 10.1204 10.1135 10.1064 10.0993 10.092 10.0847 10.0773 10.0697 10.0622 10.0545 10.0468 10.0391 10.0313 10.0235 10.0157 10.0079
10.2024 10.2067 10.2109 10.2152 10.2191 10.2228 10.2262 10.2294 10.2324 10.2352 10.2378 10.2401 10.2421 10.244 10.2456 10.2469 10.248 10.2489 10.2495 10.2499 10.25 10.2499 10.2495 10.2489 10.248 10.2469 10.2456 10.244 10.2421 10.2401 10.2378 10.2352 10.2324 10.2294 10.2262 10.2228 10.2191 10.2152 10.2111 10.2068 10.2023 10.1975 10.1926 10.1875 10.1822 10.1768 10.1711 10.1653 10.1594 10.1532 10.1469 10.1405 10.134 10.1273 10.1204 10.1135 10.1064 10.0993 10.092 10.0847 10.0773 10.0697 10.0622 10.0545 10.0468 10.0391 10.0313 10.0235 10.0157 10.0079
10.2024 10.2067 10.2109 10.2152 10.2191 10.2228 10.2262 10.2294 10.2324 10.2352 10.2378 10.2401 10.2421 10.244 10.2456 10.2469 10.248 10.2489 10.2495 10.2499 10.25 10.2499 10.2495 10.2489 10.248 10.2469 10.2456 10.244 10.2421 10.2401 10.2378 10.2352 10.2324 10.2294 10.2262 10.2228 10.2191 10.2152 10.2111 10.2068 10.2023 10.1975 10.1926 10.1875 10.1822 10.1768 10.1711 10.1653 10.1594 10.1532 10.1469 10.1405 10.134 10.1273 10.1204 10.1135 10.1064 10.0993 10.092 10.0847 10.0773 10.0697 10.0622 10.0545 10.0468 10.0391 10.0313 10.0235 10.0157 10.0079
10.2024 10.2067 10.2109 10.2152 10.2191 10.2228 10.2262 10.2294 10.2324 10.2352 10.2378 10.2401 10.2421 10.244 10.2456 10.2469 10.248 10.2489 10.2495 10.2499 10.25 10.2499 10.2495 10.2489 10.248 10.2469 10.2456 10.244 10.2421 10.2401 10.2378 10.2352 10.2324 10.2294 10.2262 10.2228 10.2191 10.2152 10.2111 10.2068 10.2023 10.1975 10.1926 10.1875 10.1822 10.1768 10.1711 10.1653 10.1594 10.1532 10.1469 10.1405 10.134 10.1273 10.1204 10.1135 10.1064 10.0993 10.092 10.0847 10.0773 10.0697 10.0622 10.0545 10.0468 10.0391 10.0313 10.0235 10.0157 10.0079
10.2024 10.2067 10.2109 10.2152 10.2191 10.2228 10.2262 10.2294 10.2324 10.2352 10.2378 10.2401 10.2421 10.244 10.2456 10.2469 10.248 10.2489 10.2495 10.2499 10.25 10.2499 10.2495 10.2489 10.248 10.2469 10.2456 10.244 10.2421 10.2401 10.2378 10.2352 10.2324 10.2294 10.2262 10.2228 10.2191 10.2152 10.2111 10.2068 10.2023 10.1975 10.1926 10.1875 10.1822 10.1768 10.1711 10.1653 10.1594 10.1532 10.1469 10.1405 10.134 10.1273 10.1204 10.1135 10.1064 10.0993 10.092 10.0847 10.0773 10.0697 10.0622 10.0545 10.0468 10.0391 10.0313 10.0235 10.0157 10.0079
10.2024 10.2067 10.2109 10.2152 10.2191 10.2228 10.2262 10.2294 10.2324 10.2352 10.2378 10.2401 10.2421 10.244 10.2456 10.2469 10.248 10.2489 10.2495 10.2499 10.25 10.2499 10.2495 10.2489 10.248 10.2469 10.2456 10.244 10.2421 10.2401 10.2378 10.2352 10.2324 10.2294 10.2262 10.2228 10.2191 10.2152 10.2111 10.2068 10.2023 10.1975 10.1926 10.1875 10.1822 10.1768 10.1711 10.1653 10.1594 10.1532 10.1469 10.1405 10.134 10.1273 10.1204 10.1135 10.1064 10.0993 10.092 10.0847 10.0773 10.0697 10.0622 10.0545 10.0468 10.0391 10.0313 10.0235 10.0157 10.0079
10.2024 10.2067 10.2109 10.2152 10.2191 10.2228 10.2262 10.2294 10.2324 10.2352 10.2378 10.2401 10.2421 10.244 10.2456 10.2469 10.248 10.2489 10.2495 10.2499 10.25 10.2499 10.2495 10.2489 10.248 10.2469 10.2456 10.244 10.2421 10.2401 10.2378 10.2352 10.2324 10.2294 10.2262 10.2228 10.2191 10.2152 10.2111 10.2068 10.2023 10.1975 10.1926 10.1875 10.1822 10.1768 10.1711 10.1653 10.1594 10.1532 10.1469 10.1405 10.134 10.1273 10.1204 10.1135 10.1064 10.0993 10.092 10.0847 10.0773 10.0697 10.0622 10.0545 10.0468 10.0391 10.0313 10.0235 10.0157 10.0079
