Examples/_Benchmarking_Model_Data/Test1/test1DEM.asc
ncols 371
nrows 71
xllcorner -20
yllcorner -20
cellsize 2
nodata_value -999
[rows 0 to 30 of 71, columns 280 to 349 of 371]
9.7977 9.8025 9.8074 9.8125 9.8178 9.8232 9.8289 9.8347 9.8406 9.8468 9.8531 9.8595 9.866 9.8727 9.8796 9.8865 9.8936 9.9007 9.908 9.9153 9.9227 9.9303 9.9378 9.9455 9.9532 9.9609 9.9687 9.9765 9.9843 9.9921 10 10.0079 10.0157 10.0236 10.0314 10.0393 10.0471 10.055 10.0628 10.0707 10.0785 10.0864 10.0942 10.1021 10.11 10.1178 10.1257 10.1335 10.1414 10.1492 10.1571 10.1649 10.1728 10.1806 10.1885 10.1963 10.2042 10.2121 10.2199 10.2278 10.2356 10.2435 10.2513 10.2592 10.267 10.2749 10.2827 10.2906 10.2985 10.3063
9.7977 9.8025 9.8074 9.8125 9.8178 9.8232 9.8289 9.8347 9.8406 9.8468 9.8531 9.8595 9.866 9.8727 9.8796 9.8865 9.8936 9.9007 9.908 9.9153 9.9227 9.9303 9.9378 9.9455 9.9532 9.9609 9.9687 9.9765 9.9843 9.9921 10 10.0079 10.0157 10.0236 10.0314 10.0393 10.0471 10.055 10.0628 10.0707 10.0785 10.0864 10.0942 10.1021 10.11 10.1178 10.1257 10.1335 10.1414 10.1492 10.1571 10.1649 10.1728 10.1806 10.1885 10.1963 10.2042 10.2121 10.2199 10.2278 10.2356 10.2435 10.2513 10.2592 10.267 10.2749 10.2827 10.2906 10.2985 10.3063
9.7977 9.8025 9.8074 9.8125 9.8178 9.8232 9.8289 9.8347 9.8406 9.8468 9.8531 9.8595 9.866 9.8727 9.8796 9.8865 9.8936 9.9007 9.908 9.9153 9.9227 9.9303 9.9378 9.9455 9.9532 9.9609 9.9687 9.9765 9.9843 9.9921 10 10.0079 10.0157 10.0236 10.0314 10.0393 10.0471 10.055 10.0628 10.0707 10.0785 10.0864 10.0942 10.1021 10.11 10.1178 10.1257 10.1335 10.1414 10.1492 10.1571 10.1649 10.1728 10.1806 10.1885 10.1963 10.2042 10.2121 10.2199 10.2278 10.2356 10.2435 10.2513 10.2592 10.267 10.2749 10.2827 10.2906 10.2985 10.3063
9.7977 9.8025 9.8074 9.8125 9.8178 9.8232 9.8289 9.8347 9.8406 9.8468 9.8531 9.8595 9.866 9.8727 9.8796 9.8865 9.8936 9.9007 9.908 9.9153 9.9227 9.9303 9.9378 9.9455 9.9532 9.9609 9.9687 9.9765 9.9843 9.9921 10 10.0079 10.0157 10.0236 10.0314 10.0393 10.0471 10.055 10.0628 10.0707 10.0785 10.0864 10.0942 10.1021 10.11 10.1178 10.1257 10.1335 10.1414 10.1492 10.1571 10.1649 10.1728 10.1806 10.1885 10.1963 10.2042 10.2121 10.2199 10.2278 10.2356 10.2435 10.2513 10.2592 10.267 10.2749 10.2827 10.2906 10.2985 10.3063
9.7977 9.8025 9.8074 9.8125 9.8178 9.8232 9.8289 9.8347 9.8406 9.8468 9.8531 9.8595 9.866 9.8727 9.8796 9.8865 9.8936 9.9007 9.908 9.9153 9.9227 9.9303 9.9378 9.9455 9.9532 9.9609 9.9687 9.9765 9.9843 9.9921 10 10.0079 10.0157 10.0236 10.0314 10.0393 10.0471 10.055 10.0628 10.0707 10.0785 10.0864 10.0942 10.1021 10.11 10.1178 10.1257 10.1335 10.1414 10.1492 10.1571 10.1649 10.1728 10.1806 10.1885 10.1963 10.2042 10.2121 10.2199 10.2278 10.2356 10.2435 10.2513 10.2592 10.267 10.2749 10.2827 10.2906 10.2985 10.3063
9.7977 9.8025 9.8074 9.8125 9.8178 9.8232 9.8289 9.8347 9.8406 9.8468 9.8531 9.8595 9.866 9.8727 9.8796 9.8865 9.8936 9.9007 9.908 9.9153 9.9227 9.9303 9.9378 9.9455 9.9532 9.9609 9.9687 9.9765 9.9843 9.9921 10 10.0079 10.0157 10.0236 10.0314 10.0393 10.0471 10.055 10.0628 10.0707 10.0785 10.0864 10.0942 10.1021 10.11 10.1178 10.1257 10.1335 10.1414 10.1492 10.1571 10.1649 10.1728 10.1806 10.1885 10.1963 10.2042 10.2121 10.2199 10.2278 10.2356 10.2435 10.2513 10.2592 10.267 10.2749 10.2827 10.2906 10.2985 10.3063
9.7977 9.8025 9.8074 9.8125 9.8178 9.8232 9.8289 9.8347 9.8406 9.8468 9.8531 9.8595 9.866 9.8727 9.8796 9.8865 9.8936 9.9007 9.908 9.9153 9.9227 9.9303 9.9378 9.9455 9.9532 9.9609 9.9687 9.9765 9.9843 9.9921 10 10.0079 10.0157 10.0236 10.0314 10.0393 10.0471 10.055 10.0628 10.0707 10.0785 10.0864 10.0942 10.1021 10.11 10.1178 10.1257 10.1335 10.1414 10.1492 10.1571 10.1649 10.1728 10.1806 10.1885 10.1963 10.2042 10.2121 10.2199 10.2278 10.2356 10.2435 10.2513 10.2592 10.267 10.2749 10.2827 10.2906 10.2985 10.3063
9.7977 9.8025 9.8074 9.8125 9.8178 9.8232 9.8289 9.8347 9.8406 9.8468 9.8531 9.8595 9.866 9.8727 9.8796 9.8865 9.8936 9.9007 9.908 9.9153 9.9227 9.9303 9.9378 9.9455 9.9532 9.9609 9.9687 9.9765 9.9843 9.9921 10 10.0079 10.0157 10.0236 10.0314 10.0393 10.0471 10.055 10.0628 10.0707 10.0785 10.0864 10.0942 10.1021 10.11 10.1178 10.1257 10.1335 10.1414 10.1492 10.1571 10.1649 10.1728 10.1806 10.1885 10.1963 10.2042 10.2121 10.2199 10.2278 10.2356 10.2435 10.2513 10.2592 10.267 10.2749 10.2827 10.2906 10.2985 10.3063
9.7977 9.8025 9.8074 9.8125 9.8178 9.8232 9.8289 9.8347 9.8406 9.8468 9.8531 9.8595 9.866 9.8727 9.8796 9.8865 9.8936 9.9007 9.908 9.9153 9.9227 9.9303 9.9378 9.9455 9.9532 9.9609 9.9687 9.9765 9.9843 9.9921 10 10.0079 10.0157 10.0236 10.0314 10.0393 10.0471 10.055 10.0628 10.0707 10.0785 10.0864 10.0942 10.1021 10.11 10.1178 10.1257 10.1335 10.1414 10.1492 10.1571 10.1649 10.1728 10.1806 10.1885 10.1963 10.2042 10.2121 10.2199 10.2278 10.2356 10.2435 10.2513 10.2592 10.267 10.2749 10.2827 10.2906 10.2985 10.3063
9.7977 9.8025 9.8074 9.8125 9.8178 9.8232 9.8289 9.8347 9.8406 9.8468 9.8531 9.8595 9.866 9.8727 9.8796 9.8865 9.8936 9.9007 9.908 9.9153 9.9227 9.9303 9.9378 9.9455 9.9532 9.9609 9.9687 9.9765 9.9843 9.9921 10 10.0079 10.0157 10.0236 10.0314 10.0393 10.0471 10.055 10.0628 10.0707 10.0785 10.0864 10.0942 10.1021 10.11 10.1178 10.1257 10.1335 10.1414 10.1492 10.1571 10.1649 10.1728 10.1806 10.1885 10.1963 10.2042 10.2121 10.2199 10.2278 10.2356 10.2435 10.2513 10.2592 10.267 10.2749 10.2827 10.2906 10.2985 10.3063
9.7977 9.8025 9.8074 9.8125 9.8178 9.8232 9.8289 9.8347 9.8406 9.8468 9.8531 9.8595 9.866 9.8727 9.8796 9.8865 9.8936 9.9007 9.908 9.9153 9.9227 9.9303 9.9378 9.9455 9.9532 9.9609 9.9687 9.9765 9.9843 9.9921 10 10.0079 10.0157 10.0236 10.0314 10.0393 10.0471 10.055 10.0628 10.0707 10.0785 10.0864 10.0942 10.1021 10.11 10.1178 10.1257 10.1335 10.1414 10.1492 10.1571 10.1649 10.1728 10.1806 10.1885 10.1963 10.2042 10.2121 10.2199 10.2278 10.2356 10.2435 10.2513 10.2592 10.267 10.2749 10.2827 10.2906 10.2985 10.3063
9.7977 9.8025 9.8074 9.8125 9.8178 9.8232 9.8289 9.8347 9.8406 9.8468 9.8531 9.8595 9.866 9.8727 9.8796 9.8865 9.8936 9.9007 9.908 9.9153 9.9227 9.9303 9.9378 9.9455 9.9532 9.9609 9.9687 9.9765 9.9843 9.9921 10 10.0079 10.0157 10.0236 10.0314 10.0393 10.0471 10.055 10.0628 10.0707 10.0785 10.0864 10.0942 10.1021 10.11 10.1178 10.1257 10.1335 10.1414 10.1492 10.1571 10.1649 10.1728 10.1806 10.1885 10.1963 10.2042 10.2121 10.2199 10.2278 10.2356 10.2435 10.2513 10.2592 10.267 10.2749 10.2827 10.2906 10.2985 10.3063
9.7977 9.8025 9.8074 9.8125 9.8178 9.8232 9.8289 9.8347 9.8406 9.8468 9.8531 9.8595 9.866 9.8727 9.8796 9.8865 9.8936 9.9007 9.908 9.9153 9.9227 9.9303 9.9378 9.9455 9.9532 9.9609 9.9687 9.9765 9.9843 9.9921 10 10.0079 10.0157 10.0236 10.0314 10.0393 10.0471 10.055 10.0628 10.0707 10.0785 10.0864 10.0942 10.1021 10.11 10.1178 10.1257 10.1335 10.1414 10.1492 10.1571 10.1649 10.1728 10.1806 10.1885 10.1963 10.2042 10.2121 10.2199 10.2278 10.2356 10.2435 10.2513 10.2592 10.267 10.2749 10.2827 10.2906 10.2985 10.3063
9.7977 9.8025 9.8074 9.8125 9.8178 9.8232 9.8289 9.8347 9.8406 9.8468 9.8531 9.8595 9.866 9.8727 9.8796 9.8865 9.8936 9.9007 9.908 9.9153 9.9227 9.9303 9.9378 9.9455 9.9532 9.9609 9.9687 9.9765 9.9843 9.9921 10 10.0079 10.0157 10.0236 10.0314 10.0393 10.0471 10.055 10.0628 10.0707 10.0785 10.0864 10.0942 10.1021 10.11 10.1178 10.1257 10.1335 10.1414 10.1492 10.1571 10.1649 10.1728 10.1806 10.1885 10.1963 10.2042 10.2121 10.2199 10.2278 10.2356 10.2435 10.2513 10.2592 10.267 10.2749 10.2827 10.2906 10.2985 10.3063
9.7977 9.8025 9.8074 9.8125 9.8178 9.8232 9.8289 9.8347 9.8406 9.8468 9.8531 9.8595 9.866 9.8727 9.8796 9.8865 9.8936 9.9007 9.908 9.9153 9.9227 9.9303 9.9378 9.9455 9.9532 9.9609 9.9687 9.9765 9.9843 9.9921 10 10.0079 10.0157 10.0236 10.0314 10.0393 10.0471 10.055 10.0628 10.0707 10.0785 10.0864 10.0942 10.1021 10.11 10.1178 10.1257 10.1335 10.1414 10.1492 10.1571 10.1649 10.1728 10.1806 10.1885 10.1963 10.2042 10.2121 10.2199 10.2278 10.2356 10.2435 10.2513 10.2592 10.267 10.2749 10.2827 10.2906 10.2985 10.3063
9.7977 9.8025 9.8074 9.8125 9.8178 9.8232 9.8289 9.8347 9.8406 9.8468 9.8531 9.8595 9.866 9.8727 9.8796 9.8865 9.8936 9.9007 9.908 9.9153 9.9227 9.9303 9.9378 9.9455 9.9532 9.9609 9.9687 9.9765 9.9843 9.9921 10 10.0079 10.0157 10.0236 10.0314 10.0393 10.0471 10.055 10.0628 10.0707 10.0785 10.0864 10.0942 10.1021 10.11 10.1178 10.1257 10.1335 10.1414 10.1492 10.1571 10.1649 10.1728 10.1806 10.1885 10.1963 10.2042 10.2121 10.2199 10.2278 10.2356 10.2435 10.2513 10.2592 10.267 10.2749 10.2827 10.2906 10.2985 10.3063
9.7977 9.8025 9.8074 9.8125 9.8178 9.8232 9.8289 9.8347 9.8406 9.8468 9.8531 9.8595 9.866 9.8727 9.8796 9.8865 9.8936 9.9007 9.908 9.9153 9.9227 9.9303 9.9378 9.9455 9.9532 9.9609 9.9687 9.9765 9.9843 9.9921 10 10.0079 10.0157 10.0236 10.0314 10.0393 10.0471 10.055 10.0628 10.0707 10.0785 10.0864 10.0942 10.1021 10.11 10.1178 10.1257 10.1335 10.1414 10.1492 10.1571 10.1649 10.1728 10.1806 10.1885 10.1963 10.2042 10.2121 10.2199 10.2278 10.2356 10.2435 10.2513 10.2592 10.267 10.2749 10.2827 10.2906 10.2985 10.3063
9.7977 9.8025 9.8074 9.8125 9.8178 9.8232 9.8289 9.8347 9.8406 9.8468 9.8531 9.8595 9.866 9.8727 9.8796 9.8865 9.8936 9.9007 9.908 9.9153 9.9227 9.9303 9.9378 9.9455 9.9532 9.9609 9.9687 9.9765 9.9843 9.9921 10 10.0079 10.0157 10.0236 10.0314 10.0393 10.0471 10.055 10.0628 10.0707 10.0785 10.0864 10.0942 10.1021 10.11 10.1178 10.1257 10.1335 10.1414 10.1492 10.1571 10.1649 10.1728 10.1806 10.1885 10.1963 10.2042 10.2121 10.2199 10.2278 10.2356 10.2435 10.2513 10.2592 10.267 10.2749 10.2827 10.2906 10.2985 10.3063
9.7977 9.8025 9.8074 9.8125 9.8178 9.8232 9.8289 9.8347 9.8406 9.8468 9.8531 9.8595 9.866 9.8727 9.8796 9.8865 9.8936 9.9007 9.908 9.9153 9.9227 9.9303 9.9378 9.9455 9.9532 9.9609 9.9687 9.9765 9.9843 9.9921 10 10.0079 10.0157 10.0236 10.0314 10.0393 10.0471 10.055 10.0628 10.0707 10.0785 10.0864 10.0942 10.1021 10.11 10.1178 10.1257 10.1335 10.1414 10.1492 10.1571 10.1649 10.1728 10.1806 10.1885 10.1963 10.2042 10.2121 10.2199 10.2278 10.2356 10.2435 10.2513 10.2592 10.267 10.2749 10.2827 10.2906 10.2985 10.3063
9.7977 9.8025 9.8074 9.8125 9.8178 9.8232 9.8289 9.8347 9.8406 9.8468 9.8531 9.8595 9.866 9.8727 9.8796 9.8865 9.8936 9.9007 9.908 9.9153 9.9227 9.9303 9.9378 9.9455 9.9532 9.9609 9.9687 9.9765 9.9843 9.9921 10 10.0079 10.0157 10.0236 10.0314 10.0393 10.0471 10.055 10.0628 10.0707 10.0785 10.0864 10.0942 10.1021 10.11 10.1178 10.1257 10.1335 10.1414 10.1492 10.1571 10.1649 10.1728 10.1806 10.1885 10.1963 10.2042 10.2121 10.2199 10.2278 10.2356 10.2435 10.2513 10.2592 10.267 10.2749 10.2827 10.2906 10.2985 10.3063
9.7977 9.8025 9.8074 9.8125 9.8178 9.8232 9.8289 9.8347 9.8406 9.8468 9.8531 9.8595 9.866 9.8727 9.8796 9.8865 9.8936 9.9007 9.908 9.9153 9.9227 9.9303 9.9378 9.9455 9.9532 9.9609 9.9687 9.9765 9.9843 9.9921 10 10.0079 10.0157 10.0236 10.0314 10.0393 10.0471 10.055 10.0628 10.0707 10.0785 10.0864 10.0942 10.1021 10.11 10.1178 10.1257 10.1335 10.1414 10.1492 10.1571 10.1649 10.1728 10.1806 10.1885 10.1963 10.2042 10.2121 10.2199 10.2278 10.2356 10.2435 10.2513 10.2592 10.267 10.2749 10.2827 10.2906 10.2985 10.3063
9.7977 9.8025 9.8074 9.8125 9.8178 9.8232 9.8289 9.8347 9.8406 9.8468 9.8531 9.8595 9.866 9.8727 9.8796 9.8865 9.8936 9.9007 9.908 9.9153 9.9227 9.9303 9.9378 9.9455 9.9532 9.9609 9.9687 9.9765 9.9843 9.9921 10 10.0079 10.0157 10.0236 10.0314 10.0393 10.0471 10.055 10.0628 10.0707 10.0785 10.0864 10.0942 10.1021 10.11 10.1178 10.1257 10.1335 10.1414 10.1492 10.1571 10.1649 10.1728 10.1806 10.1885 10.1963 10.2042 10.2121 10.2199 10.2278 10.2356 10.2435 10.2513 10.2592 10.267 10.2749 10.2827 10.2906 10.2985 10.3063
9.7977 9.8025 9.8074 9.8125 9.8178 9.8232 9.8289 9.8347 9.8406 9.8468 9.8531 9.8595 9.866 9.8727 9.8796 9.8865 9.8936 9.9007 9.908 9.9153 9.9227 9.9303 9.9378 9.9455 9.9532 9.9609 9.9687 9.9765 9.9843 9.9921 10 10.0079 10.0157 10.0236 10.0314 10.0393 10.0471 10.055 10.0628 10.0707 10.0785 10.0864 10.0942 10.1021 10.11 10.1178 10.1257 10.1335 10.1414 10.1492 10.1571 10.1649 10.1728 10.1806 10.1885 10.1963 10.2042 10.2121 10.2199 10.2278 10.2356 10.2435 10.2513 10.2592 10.267 10.2749 10.2827 10.2906 10.2985 10.3063
9.7977 9.8025 9.8074 9.8125 9.8178 9.8232 9.8289 9.8347 9.8406 9.8468 9.8531 9.8595 9.866 9.8727 9.8796 9.8865 9.8936 9.9007 9.908 9.9153 9.9227 9.9303 9.9378 9.9455 9.9532 9.9609 9.9687 9.9765 9.9843 9.9921 10 10.0079 10.0157 10.0236 10.0314 10.0393 10.0471 10.055 10.0628 10.0707 10.0785 10.0864 10.0942 10.1021 10.11 10.1178 10.1257 10.1335 10.1414 10.1492 10.1571 10.1649 10.1728 10.1806 10.1885 10.1963 10.2042 10.2121 10.2199 10.2278 10.2356 10.2435 10.2513 10.2592 10.267 10.2749 10.2827 10.2906 10.2985 10.3063
9.7977 9.8025 9.8074 9.8125 9.8178 9.8232 9.8289 9.8347 9.8406 9.8468 9.8531 9.8595 9.866 9.8727 9.8796 9.8865 9.8936 9.9007 9.908 9.9153 9.9227 9.9303 9.9378 9.9455 9.9532 9.9609 9.9687 9.9765 9.9843 9.9921 10 10.0079 10.0157 10.0236 10.0314 10.0393 10.0471 10.055 10.0628 10.0707 10.0785 10.0864 10.0942 10.1021 10.11 10.1178 10.1257 10.1335 10.1414 10.1492 10.1571 10.1649 10.1728 10.1806 10.1885 10.1963 10.2042 10.2121 10.2199 10.2278 10.2356 10.2435 10.2513 10.2592 10.267 10.2749 10.2827 10.2906 10.2985 10.3063
9.7977 9.8025 9.8074 9.8125 9.8178 9.8232 9.8289 9.8347 9.8406 9.8468 9.8531 9.8595 9.866 9.8727 9.8796 9.8865 9.8936 9.9007 9.908 9.9153 9.9227 9.9303 9.9378 9.9455 9.9532 9.9609 9.9687 9.9765 9.9843 9.9921 10 10.0079 10.0157 10.0236 10.0314 10.0393 10.0471 10.055 10.0628 10.0707 10.0785 10.0864 10.0942 10.1021 10.11 10.1178 10.1257 10.1335 10.1414 10.1492 10.1571 10.1649 10.1728 10.1806 10.1885 10.1963 10.2042 10.2121 10.2199 10.2278 10.2356 10.2435 10.2513 10.2592 10.267 10.2749 10.2827 10.2906 10.2985 10.3063
9.7977 9.8025 9.8074 9.8125 9.8178 9.8232 9.8289 9.8347 9.8406 9.8468 9.8531 9.8595 9.866 9.8727 9.8796 9.8865 9.8936 9.9007 9.908 9.9153 9.9227 9.9303 9.9378 9.9455 9.9532 9.9609 9.9687 9.9765 9.9843 9.9921 10 10.0079 10.0157 10.0236 10.0314 10.0393 10.0471 10.055 10.0628 10.0707 10.0785 10.0864 10.0942 10.1021 10.11 10.1178 10.1257 10.1335 10.1414 10.1492 10.1571 10.1649 10.1728 10.1806 10.1885 10.1963 10.2042 10.2121 10.2199 10.2278 10.2356 10.2435 10.2513 10.2592 10.267 10.2749 10.2827 10.2906 10.2985 10.3063
9.7977 9.8025 9.8074 9.8125 9.8178 9.8232 9.8289 9.8347 9.8406 9.8468 9.8531 9.8595 9.866 9.8727 9.8796 9.8865 9.8936 9.9007 9.908 9.9153 9.9227 9.9303 9.9378 9.9455 9.9532 9.9609 9.9687 9.9765 9.9843 9.9921 10 10.0079 10.0157 10.0236 10.0314 10.0393 10.0471 10.055 10.0628 10.0707 10.0785 10.0864 10.0942 10.1021 10.11 10.1178 10.1257 10.1335 10.1414 10.1492 10.1571 10.1649 10.1728 10.1806 10.1885 10.1963 10.2042 10.2121 10.2199 10.2278 10.2356 10.2435 10.2513 10.2592 10.267 10.2749 10.2827 10.2906 10.2985 10.3063
9.7977 9.8025 9.8074 9.8125 9.8178 9.8232 9.8289 9.8347 9.8406 9.8468 9.8531 9.8595 9.866 9.8727 9.8796 9.8865 9.8936 9.9007 9.908 9.9153 9.9227 9.9303 9.9378 9.9455 9.9532 9.9609 9.9687 9.9765 9.9843 9.9921 10 10.0079 10.0157 10.0236 10.0314 10.0393 10.0471 10.055 10.0628 10.0707 10.0785 10.0864 10.0942 10.1021 10.11 10.1178 10.1257 10.1335 10.1414 10.1492 10.1571 10.1649 10.1728 10.1806 10.1885 10.1963 10.2042 10.2121 10.2199 10.2278 10.2356 10.2435 10.2513 10.2592 10.267 10.2749 10.2827 10.2906 10.2985 10.3063
9.7977 9.8025 9.8074 9.8125 9.8178 9.8232 9.8289 9.8347 9.8406 9.8468 9.8531 9.8595 9.866 9.8727 9.8796 9.8865 9.8936 9.9007 9.908 9.9153 9.9227 9.9303 9.9378 9.9455 9.9532 9.9609 9.9687 9.9765 9.9843 9.9921 10 10.0079 10.0157 10.0236 10.0314 10.0393 10.0471 10.055 10.0628 10.0707 10.0785 10.0864 10.0942 10.1021 10.11 10.1178 10.1257 10.1335 10.1414 10.1492 10.1571 10.1649 10.1728 10.1806 10.1885 10.1963 10.2042 10.2121 10.2199 10.2278 10.2356 10.2435 10.2513 10.2592 10.267 10.2749 10.2827 10.2906 10.2985 10.3063
9.7977 9.8025 9.8074 9.8125 9.8178 9.8232 9.8289 9.8347 9.8406 9.8468 9.8531 9.8595 9.866 9.8727 9.8796 9.8865 9.8936 9.9007 9.908 9.9153 9.9227 9.9303 9.9378 9.9455 9.9532 9.9609 9.9687 9.9765 9.9843 9.9921 10 10.0079 10.0157 10.0236 10.0314 10.0393 10.0471 10.055 10.0628 10.0707 10.0785 10.0864 10.0942 10.1021 10.11 10.1178 10.1257 10.1335 10.1414 10.1492 10.1571 10.1649 10.1728 10.1806 10.1885 10.1963 10.2042 10.2121 10.2199 10.2278 10.2356 10.2435 10.2513 10.2592 10.267 10.2749 10.2827 10.2906 10.2985 10.3063
