Examples/_Benchmarking_Model_Data/Test1/test1DEM.asc
ncols 371
nrows 71
xllcorner -20
yllcorner -20
cellsize 2
nodata_value -999
[rows 31 to 61 of 71, columns 210 to 279 of 371]
10 9.9921 9.9843 9.9765 9.9687 9.9609 9.9532 9.9455 9.9378 9.9303 9.9227 9.9153 9.908 9.9007 9.8936 9.8865 9.8796 9.8727 9.866 9.8595 9.8531 9.8468 9.8406 9.8347 9.8289 9.8232 9.8178 9.8125 9.8074 9.8025 9.7977 9.7932 9.7889 9.7848 9.7809 9.7772 9.7738 9.7706 9.7676 9.7648 9.7622 9.7599 9.7579 9.756 9.7544 9.7531 9.752 9.7511 9.7505 9.7501 9.75 9.7501 9.7505 9.7511 9.752 9.7531 9.7544 9.756 9.7579 9.7599 9.7622 9.7648 9.7676 9.7706 9.7738 9.7772 9.7809 9.7848 9.7889 9.7932
10 9.9921 9.9843 9.9765 9.9687 9.9609 9.9532 9.9455 9.9378 9.9303 9.9227 9.9153 9.908 9.9007 9.8936 9.8865 9.8796 9.8727 9.866 9.8595 9.8531 9.8468 9.8406 9.8347 9.8289 9.8232 9.8178 9.8125 9.8074 9.8025 9.7977 9.7932 9.7889 9.7848 9.7809 9.7772 9.7738 9.7706 9.7676 9.7648 9.7622 9.7599 9.7579 9.756 9.7544 9.7531 9.752 9.7511 9.7505 9.7501 9.75 9.7501 9.7505 9.7511 9.752 9.7531 9.7544 9.756 9.7579 9.7599 9.7622 9.7648 9.7676 9.7706 9.7738 9.7772 9.7809 9.7848 9.7889 9.7932
10 9.9921 9.9843 9.9765 9.9687 9.9609 9.9532 9.9455 9.9378 9.9303 9.9227 9.9153 9.908 9.9007 9.8936 9.8865 9.8796 9.8727 9.866 9.8595 9.8531 9.8468 9.8406 9.8347 9.8289 9.8232 9.8178 9.8125 9.8074 9.8025 9.7977 9.7932 9.7889 9.7848 9.7809 9.7772 9.7738 9.7706 9.7676 9.7648 9.7622 9.7599 9.7579 9.756 9.7544 9.7531 9.752 9.7511 9.7505 9.7501 9.75 9.7501 9.7505 9.7511 9.752 9.7531 9.7544 9.756 9.7579 9.7599 9.7622 9.7648 9.7676 9.7706 9.7738 9.7772 9.7809 9.7848 9.7889 9.7932
10 9.9921 9.9843 9.9765 9.9687 9.9609 9.9532 9.9455 9.9378 9.9303 9.9227 9.9153 9.908 9.9007 9.8936 9.8865 9.8796 9.8727 9.866 9.8595 9.8531 9.8468 9.8406 9.8347 9.8289 9.8232 9.8178 9.8125 9.8074 9.8025 9.7977 9.7932 9.7889 9.7848 9.7809 9.7772 9.7738 9.7706 9.7676 9.7648 9.7622 9.7599 9.7579 9.756 9.7544 9.7531 9.752 9.7511 9.7505 9.7501 9.75 9.7501 9.7505 9.7511 9.752 9.7531 9.7544 9.756 9.7579 9.7599 9.7622 9.7648 9.7676 9.7706 9.7738 9.7772 9.7809 9.7848 9.7889 9.7932
10 9.9921 9.9843 9.9765 9.9687 9.9609 9.9532 9.9455 9.9378 9.9303 9.9227 9.9153 9.908 9.9007 9.8936 9.8865 9.8796 9.8727 9.866 9.8595 9.8531 9.8468 9.8406 9.8347 9.8289 9.8232 9.8178 9.8125 9.8074 9.8025 9.7977 9.7932 9.7889 9.7848 9.7809 9.7772 9.7738 9.7706 9.7676 9.7648 9.7622 9.7599 9.7579 9.756 9.7544 9.7531 9.752 9.7511 9.7505 9.7501 9.75 9.7501 9.7505 9.7511 9.752 9.7531 9.7544 9.756 9.7579 9.7599 9.7622 9.7648 9.7676 9.7706 9.7738 9.7772 9.7809 9.7848 9.7889 9.7932
10 9.9921 9.9843 9.9765 9.9687 9.9609 9.9532 9.9455 9.9378 9.9303 9.9227 9.9153 9.908 9.9007 9.8936 9.8865 9.8796 9.8727 9.866 9.8595 9.8531 9.8468 9.8406 9.8347 9.8289 9.8232 9.8178 9.8125 9.8074 9.8025 9.7977 9.7932 9.7889 9.7848 9.7809 9.7772 9.7738 9.7706 9.7676 9.7648 9.7622 9.7599 9.7579 9.756 9.7544 9.7531 9.752 9.7511 9.7505 9.7501 9.75 9.7501 9.7505 9.7511 9.752 9.7531 9.7544 9.756 9.7579 9.7599 9.7622 9.7648 9.7676 9.7706 9.7738 9.7772 9.7809 9.7848 9.7889 9.7932
10 9.9921 9.9843 9.9765 9.9687 9.9609 9.9532 9.9455 9.9378 9.9303 9.9227 9.9153 9.908 9.9007 9.8936 9.8865 9.8796 9.8727 9.866 9.8595 9.8531 9.8468 9.8406 9.8347 9.8289 9.8232 9.8178 9.8125 9.8074 9.8025 9.7977 9.7932 9.7889 9.7848 9.7809 9.7772 9.7738 9.7706 9.7676 9.7648 9.7622 9.7599 9.7579 9.756 9.7544 9.7531 9.752 9.7511 9.7505 9.7501 9.75 9.7501 9.7505 9.7511 9.752 9.7531 9.7544 9.756 9.7579 9.7599 9.7622 9.7648 9.7676 9.7706 9.7738 9.7772 9.7809 9.7848 9.7889 9.7932
10 9.9921 9.9843 9.9765 9.9687 9.9609 9.9532 9.9455 9.9378 9.9303 9.9227 9.9153 9.908 9.9007 9.8936 9.8865 9.8796 9.8727 9.866 9.8595 9.8531 9.8468 9.8406 9.8347 9.8289 9.8232 9.8178 9.8125 9.8074 9.8025 9.7977 9.7932 9.7889 9.7848 9.7809 9.7772 9.7738 9.7706 9.7676 9.7648 9.7622 9.7599 9.7579 9.756 9.7544 9.7531 9.752 9.7511 9.7505 9.7501 9.75 9.7501 9.7505 9.7511 9.752 9.7531 9.7544 9.756 9.7579 9.7599 9.7622 9.7648 9.7676 9.7706 9.7738 9.7772 9.7809 9.7848 9.7889 9.7932
10 9.9921 9.9843 9.9765 9.9687 9.9609 9.9532 9.9455 9.9378 9.9303 9.9227 9.9153 9.908 9.9007 9.8936 9.8865 9.8796 9.8727 9.866 9.8595 9.8531 9.8468 9.8406 9.8347 9.8289 9.8232 9.8178 9.8125 9.8074 9.8025 9.7977 9.7932 9.7889 9.7848 9.7809 9.7772 9.7738 9.7706 9.7676 9.7648 9.7622 9.7599 9.7579 9.756 9.7544 9.7531 9.752 9.7511 9.7505 9.7501 9.75 9.7501 9.7505 9.7511 9.752 9.7531 9.7544 9.756 9.7579 9.7599 9.7622 9.7648 9.7676 9.7706 9.7738 9.7772 9.7809 9.7848 9.7889 9.7932
10 9.9921 9.9843 9.9765 9.9687 9.9609 9.9532 9.9455 9.9378 9.9303 9.9227 9.9153 9.908 9.9007 9.8936 9.8865 9.8796 9.8727 9.866 9.8595 9.8531 9.8468 9.8406 9.8347 9.8289 9.8232 9.8178 9.8125 9.8074 9.8025 9.7977 9.7932 9.7889 9.7848 9.7809 9.7772 9.7738 9.7706 9.7676 9.7648 9.7622 9.7599 9.7579 9.756 9.7544 9.7531 9.752 9.7511 9.7505 9.7501 9.75 9.7501 9.7505 9.7511 9.752 9.7531 9.7544 9.756 9.7579 9.7599 9.7622 9.7648 9.7676 9.7706 9.7738 9.7772 9.7809 9.7848 9.7889 9.7932
10 9.9921 9.9843 9.9765 9.9687 9.9609 9.9532 9.9455 9.9378 9.9303 9.9227 9.9153 9.908 9.9007 9.8936 9.8865 9.8796 9.8727 9.866 9.8595 9.8531 9.8468 9.8406 9.8347 9.8289 9.8232 9.8178 9.8125 9.8074 9.8025 9.7977 9.7932 9.7889 9.7848 9.7809 9.7772 9.7738 9.7706 9.7676 9.7648 9.7622 9.7599 9.7579 9.756 9.7544 9.7531 9.752 9.7511 9.7505 9.7501 9.75 9.7501 9.7505 9.7511 9.752 9.7531 9.7544 9.756 9.7579 9.7599 9.7622 9.7648 9.7676 9.7706 9.7738 9.7772 9.7809 9.7848 9.7889 9.7932
10 9.9921 9.9843 9.9765 9.9687 9.9609 9.9532 9.9455 9.9378 9.9303 9.9227 9.9153 9.908 9.9007 9.8936 9.8865 9.8796 9.8727 9.866 9.8595 9.8531 9.8468 9.8406 9.8347 9.8289 9.8232 9.8178 9.8125 9.8074 9.8025 9.7977 9.7932 9.7889 9.7848 9.7809 9.7772 9.7738 9.7706 9.7676 9.7648 9.7622 9.7599 9.7579 9.756 9.7544 9.7531 9.752 9.7511 9.7505 9.7501 9.75 9.7501 9.7505 9.7511 9.752 9.7531 9.7544 9.756 9.7579 9.7599 9.7622 9.7648 9.7676 9.7706 9.7738 9.7772 9.7809 9.7848 9.7889 9.7932
10 9.9921 9.9843 9.9765 9.9687 9.9609 9.9532 9.9455 9.9378 9.9303 9.9227 9.9153 9.908 9.9007 9.8936 9.8865 9.8796 9.8727 9.866 9.8595 9.8531 9.8468 9.8406 9.8347 9.8289 9.8232 9.8178 9.8125 9.8074 9.8025 9.7977 9.7932 9.7889 9.7848 9.7809 9.7772 9.7738 9.7706 9.7676 9.7648 9.7622 9.7599 9.7579 9.756 9.7544 9.7531 9.752 9.7511 9.7505 9.7501 9.75 9.7501 9.7505 9.7511 9.752 9.7531 9.7544 9.756 9.7579 9.7599 9.7622 9.7648 9.7676 9.7706 9.7738 9.7772 9.7809 9.7848 9.7889 9.7932
10 9.9921 9.9843 9.9765 9.9687 9.9609 9.9532 9.9455 9.9378 9.9303 9.9227 9.9153 9.908 9.9007 9.8936 9.8865 9.8796 9.8727 9.866 9.8595 9.8531 9.8468 9.8406 9.8347 9.8289 9.8232 9.8178 9.8125 9.8074 9.8025 9.7977 9.7932 9.7889 9.7848 9.7809 9.7772 9.7738 9.7706 9.7676 9.7648 9.7622 9.7599 9.7579 9.756 9.7544 9.7531 9.752 9.7511 9.7505 9.7501 9.75 9.7501 9.7505 9.7511 9.752 9.7531 9.7544 9.756 9.7579 9.7599 9.7622 9.7648 9.7676 9.7706 9.7738 9.7772 9.7809 9.7848 9.7889 9.7932
10 9.9921 9.9843 9.9765 9.9687 9.9609 9.9532 9.9455 9.9378 9.9303 9.9227 9.9153 9.908 9.9007 9.8936 9.8865 9.8796 9.8727 9.866 9.8595 9.8531 9.8468 9.8406 9.8347 9.8289 9.8232 9.8178 9.8125 9.8074 9.8025 9.7977 9.7932 9.7889 9.7848 9.7809 9.7772 9.7738 9.7706 9.7676 9.7648 9.7622 9.7599 9.7579 9.756 9.7544 9.7531 9.752 9.7511 9.7505 9.7501 9.75 9.7501 9.7505 9.7511 9.752 9.7531 9.7544 9.756 9.7579 9.7599 9.7622 9.7648 9.7676 9.7706 9.7738 9.7772 9.7809 9.7848 9.7889 9.7932
10 9.9921 9.9843 9.9765 9.9687 9.9609 9.9532 9.9455 9.9378 9.9303 9.9227 9.9153 9.908 9.9007 9.8936 9.8865 9.8796 9.8727 9.866 9.8595 9.8531 9.8468 9.8406 9.8347 9.8289 9.8232 9.8178 9.8125 9.8074 9.8025 9.7977 9.7932 9.7889 9.7848 9.7809 9.7772 9.7738 9.7706 9.7676 9.7648 9.7622 9.7599 9.7579 9.756 9.7544 9.7531 9.752 9.7511 9.7505 9.7501 9.75 9.7501 9.7505 9.7511 9.752 9.7531 9.7544 9.756 9.7579 9.7599 9.7622 9.7648 9.7676 9.7706 9.7738 9.7772 9.7809 9.7848 9.7889 9.7932
10 9.9921 9.9843 9.9765 9.9687 9.9609 9.9532 9.9455 9.9378 9.9303 9.9227 9.9153 9.908 9.9007 9.8936 9.8865 9.8796 9.8727 9.866 9.8595 9.8531 9.8468 9.8406 9.8347 9.8289 9.8232 9.8178 9.8125 9.8074 9.8025 9.7977 9.7932 9.7889 9.7848 9.7809 9.7772 9.7738 9.7706 9.7676 9.7648 9.7622 9.7599 9.7579 9.756 9.7544 9.7531 9.752 9.7511 9.7505 9.7501 9.75 9.7501 9.7505 9.7511 9.752 9.7531 9.7544 9.756 9.7579 9.7599 9.7622 9.7648 9.7676 9.7706 9.7738 9.7772 9.7809 9.7848 9.7889 9.7932
10 9.9921 9.9843 9.9765 9.9687 9.9609 9.9532 9.9455 9.9378 9.9303 9.9227 9.9153 9.908 9.9007 9.8936 9.8865 9.8796 9.8727 9.866 9.8595 9.8531 9.8468 9.8406 9.8347 9.8289 9.8232 9.8178 9.8125 9.8074 9.8025 9.7977 9.7932 9.7889 9.7848 9.7809 9.7772 9.7738 9.7706 9.7676 9.7648 9.7622 9.7599 9.7579 9.756 9.7544 9.7531 9.752 9.7511 9.7505 9.7501 9.75 9.7501 9.7505 9.7511 9.752 9.7531 9.7544 9.756 9.7579 9.7599 9.7622 9.7648 9.7676 9.7706 9.7738 9.7772 9.7809 9.7848 9.7889 9.7932
10 9.9921 9.9843 9.9765 9.9687 9.9609 9.9532 9.9455 9.9378 9.9303 9.9227 9.9153 9.908 9.9007 9.8936 9.8865 9.8796 9.8727 9.866 9.8595 9.8531 9.8468 9.8406 9.8347 9.8289 9.8232 9.8178 9.8125 9.8074 9.8025 9.7977 9.7932 9.7889 9.7848 9.7809 9.7772 9.7738 9.7706 9.7676 9.7648 9.7622 9.7599 9.7579 9.756 9.7544 9.7531 9.752 9.7511 9.7505 9.7501 9.75 9.7501 9.7505 9.7511 9.752 9.7531 9.7544 9.756 9.7579 9.7599 9.7622 9.7648 9.7676 9.7706 9.7738 9.7772 9.7809 9.7848 9.7889 9.7932
10 9.9921 9.9843 9.9765 9.9687 9.9609 9.9532 9.9455 9.9378 9.9303 9.9227 9.9153 9.908 9.9007 9.8936 9.8865 9.8796 9.8727 9.866 9.8595 9.8531 9.8468 9.8406 9.8347 9.8289 9.8232 9.8178 9.8125 9.8074 9.8025 9.7977 9.7932 9.7889 9.7848 9.7809 9.7772 9.7738 9.7706 9.7676 9.7648 9.7622 9.7599 9.7579 9.756 9.7544 9.7531 9.752 9.7511 9.7505 9.7501 9.75 9.7501 9.7505 9.7511 9.752 9.7531 9.7544 9.756 9.7579 9.7599 9.7622 9.7648 9.7676 9.7706 9.7738 9.7772 9.7809 9.7848 9.7889 9.7932
10 9.9921 9.9843 9.9765 9.9687 9.9609 9.9532 9.9455 9.9378 9.9303 9.9227 9.9153 9.908 9.9007 9.8936 9.8865 9.8796 9.8727 9.866 9.8595 9.8531 9.8468 9.8406 9.8347 9.8289 9.8232 9.8178 9.8125 9.8074 9.8025 9.7977 9.7932 9.7889 9.7848 9.7809 9.7772 9.7738 9.7706 9.7676 9.7648 9.7622 9.7599 9.7579 9.756 9.7544 9.7531 9.752 9.7511 9.7505 9.7501 9.75 9.7501 9.7505 9.7511 9.752 9.7531 9.7544 9.756 9.7579 9.7599 9.7622 9.7648 9.7676 9.7706 9.7738 9.7772 9.7809 9.7848 9.7889 9.7932
10 9.9921 9.9843 9.9765 9.9687 9.9609 9.9532 9.9455 9.9378 9.9303 9.9227 9.9153 9.908 9.9007 9.8936 9.8865 9.8796 9.8727 9.866 9.8595 9.8531 9.8468 9.8406 9.8347 9.8289 9.8232 9.8178 9.8125 9.8074 9.8025 9.7977 9.7932 9.7889 9.7848 9.7809 9.7772 9.7738 9.7706 9.7676 9.7648 9.7622 9.7599 9.7579 9.756 9.7544 9.7531 9.752 9.7511 9.7505 9.7501 9.75 9.7501 9.7505 9.7511 9.752 9.7531 9.7544 9.756 9.7579 9.7599 9.7622 9.7648 9.7676 9.7706 9.7738 9.7772 9.7809 9.7848 9.7889 9.7932
10 9.9921 9.9843 9.9765 9.9687 9.9609 9.9532 9.9455 9.9378 9.9303 9.9227 9.9153 9.908 9.9007 9.8936 9.8865 9.8796 9.8727 9.866 9.8595 9.8531 9.8468 9.8406 9.8347 9.8289 9.8232 9.8178 9.8125 9.8074 9.8025 9.7977 9.7932 9.7889 9.7848 9.7809 9.7772 9.7738 9.7706 9.7676 9.7648 9.7622 9.7599 9.7579 9.756 9.7544 9.7531 9.752 9.7511 9.7505 9.7501 9.75 9.7501 9.7505 9.7511 9.752 9.7531 9.7544 9.756 9.7579 9.7599 9.7622 9.7648 9.7676 9.7706 9.7738 9.7772 9.7809 9.7848 9.7889 9.7932
10 9.9921 9.9843 9.9765 9.9687 9.9609 9.9532 9.9455 9.9378 9.9303 9.9227 9.9153 9.908 9.9007 9.8936 9.8865 9.8796 9.8727 9.866 9.8595 9.8531 9.8468 9.8406 9.8347 9.8289 9.8232 9.8178 9.8125 9.8074 9.8025 9.7977 9.7932 9.7889 9.7848 9.7809 9.7772 9.7738 9.7706 9.7676 9.7648 9.7622 9.7599 9.7579 9.756 9.7544 9.7531 9.752 9.7511 9.7505 9.7501 9.75 9.7501 9.7505 9.7511 9.752 9.7531 9.7544 9.756 9.7579 9.7599 9.7622 9.7648 9.7676 9.7706 9.7738 9.7772 9.7809 9.7848 9.7889 9.7932
10 9.9921 9.9843 9.9765 9.9687 9.9609 9.9532 9.9455 9.9378 9.9303 9.9227 9.9153 9.908 9.9007 9.8936 9.8865 9.8796 9.8727 9.866 9.8595 9.8531 9.8468 9.8406 9.8347 9.8289 9.8232 9.8178 9.8125 9.8074 9.8025 9.7977 9.7932 9.7889 9.7848 9.7809 9.7772 9.7738 9.7706 9.7676 9.7648 9.7622 9.7599 9.7579 9.756 9.7544 9.7531 9.752 9.7511 9.7505 9.7501 9.75 9.7501 9.7505 9.7511 9.752 9.7531 9.7544 9.756 9.7579 9.7599 9.7622 9.7648 9.7676 9.7706 9.7738 9.7772 9.7809 9.7848 9.7889 9.7932
10 9.9921 9.9843 9.9765 9.9687 9.9609 9.9532 9.9455 9.9378 9.9303 9.9227 9.9153 9.908 9.9007 9.8936 9.8865 9.8796 9.8727 9.866 9.8595 9.8531 9.8468 9.8406 9.8347 9.8289 9.8232 9.8178 9.8125 9.8074 9.8025 9.7977 9.7932 9.7889 9.7848 9.7809 9.7772 9.7738 9.7706 9.7676 9.7648 9.7622 9.7599 9.7579 9.756 9.7544 9.7531 9.752 9.7511 9.7505 9.7501 9.75 9.7501 9.7505 9.7511 9.752 9.7531 9.7544 9.756 9.7579 9.7599 9.7622 9.7648 9.7676 9.7706 9.7738 9.7772 9.7809 9.7848 9.7889 9.7932
10 9.9921 9.9843 9.9765 9.9687 9.9609 9.9532 9.9455 9.9378 9.9303 9.9227 9.9153 9.908 9.9007 9.8936 9.8865 9.8796 9.8727 9.866 9.8595 9.8531 9.8468 9.8406 9.8347 9.8289 9.8232 9.8178 9.8125 9.8074 9.8025 9.7977 9.7932 9.7889 9.7848 9.7809 9.7772 9.7738 9.7706 9.7676 9.7648 9.7622 9.7599 9.7579 9.756 9.7544 9.7531 9.752 9.7511 9.7505 9.7501 9.75 9.7501 9.7505 9.7511 9.752 9.7531 9.7544 9.756 9.7579 9.7599 9.7622 9.7648 9.7676 9.7706 9.7738 9.7772 9.7809 9.7848 9.7889 9.7932
10 9.9921 9.9843 9.9765 9.9687 9.9609 9.9532 9.9455 9.9378 9.9303 9.9227 9.9153 9.908 9.9007 9.8936 9.8865 9.8796 9.8727 9.866 9.8595 9.8531 9.8468 9.8406 9.8347 9.8289 9.8232 9.8178 9.8125 9.8074 9.8025 9.7977 9.7932 9.7889 9.7848 9.7809 9.7772 9.7738 9.7706 9.7676 9.7648 9.7622 9.7599 9.7579 9.756 9.7544 9.7531 9.752 9.7511 9.7505 9.7501 9.75 9.7501 9.7505 9.7511 9.752 9.7531 9.7544 9.756 9.7579 9.7599 9.7622 9.7648 9.7676 9.7706 9.7738 9.7772 9.7809 9.7848 9.7889 9.7932
10 9.9921 9.9843 9.9765 9.9687 9.9609 9.9532 9.9455 9.9378 9.9303 9.9227 9.9153 9.908 9.9007 9.8936 9.8865 9.8796 9.8727 9.866 9.8595 9.8531 9.8468 9.8406 9.8347 9.8289 9.8232 9.8178 9.8125 9.8074 9.8025 9.7977 9.7932 9.7889 9.7848 9.7809 9.7772 9.7738 9.7706 9.7676 9.7648 9.7622 9.7599 9.7579 9.756 9.7544 9.7531 9.752 9.7511 9.7505 9.7501 9.75 9.7501 9.7505 9.7511 9.752 9.7531 9.7544 9.756 9.7579 9.7599 9.7622 9.7648 9.7676 9.7706 9.7738 9.7772 9.7809 9.7848 9.7889 9.7932
10 9.9921 9.9843 9.9765 9.9687 9.9609 9.9532 9.9455 9.9378 9.9303 9.9227 9.9153 9.908 9.9007 9.8936 9.8865 9.8796 9.8727 9.866 9.8595 9.8531 9.8468 9.8406 9.8347 9.8289 9.8232 9.8178 9.8125 9.8074 9.8025 9.7977 9.7932 9.7889 9.7848 9.7809 9.7772 9.7738 9.7706 9.7676 9.7648 9.7622 9.7599 9.7579 9.756 9.7544 9.7531 9.752 9.7511 9.7505 9.7501 9.75 9.7501 9.7505 9.7511 9.752 9.7531 9.7544 9.756 9.7579 9.7599 9.7622 9.7648 9.7676 9.7706 9.7738 9.7772 9.7809 9.7848 9.7889 9.7932
10 9.9921 9.9843 9.9765 9.9687 9.9609 9.9532 9.9455 9.9378 9.9303 9.9227 9.9153 9.908 9.9007 9.8936 9.8865 9.8796 9.8727 9.866 9.8595 9.8531 9.8468 9.8406 9.8347 9.8289 9.8232 9.8178 9.8125 9.8074 9.8025 9.7977 9.7932 9.7889 9.7848 9.7809 9.7772 9.7738 9.7706 9.7676 9.7648 9.7622 9.7599 9.7579 9.756 9.7544 9.7531 9.752 9.7511 9.7505 9.7501 9.75 9.7501 9.7505 9.7511 9.752 9.7531 9.7544 9.756 9.7579 9.7599 9.7622 9.7648 9.7676 9.7706 9.7738 9.7772 9.7809 9.7848 9.7889 9.7932
