Examples/_Benchmarking_Model_Data/Test1/test1DEM.asc
ncols 371
nrows 71
xllcorner -20
yllcorner -20
cellsize 2
nodata_value -999
[rows 31 to 61 of 71, columns 0 to 69 of 371]
9.6061 9.6104 9.6147 9.6189 9.6232 9.6274 9.6317 9.6359 9.6402 9.6445 9.6487 9.653 9.6572 9.6615 9.6658 9.67 9.6743 9.6785 9.6828 9.6871 9.6913 9.6956 9.6998 9.7041 9.7084 9.7126 9.7169 9.7211 9.7254 9.7297 9.7339 9.7382 9.7424 9.7467 9.7509 9.7552 9.7595 9.7637 9.768 9.7722 9.7765 9.7808 9.785 9.7893 9.7935 9.7978 9.8021 9.8063 9.8106 9.8148 9.8191 9.8234 9.8276 9.8319 9.8361 9.8404 9.8446 9.8489 9.8532 9.8574 9.8617 9.8659 9.8702 9.8745 9.8787 9.883 9.8872 9.8915 9.8958 9.9
9.6061 9.6104 9.6147 9.6189 9.6232 9.6274 9.6317 9.6359 9.6402 9.6445 9.6487 9.653 9.6572 9.6615 9.6658 9.67 9.6743 9.6785 9.6828 9.6871 9.6913 9.6956 9.6998 9.7041 9.7084 9.7126 9.7169 9.7211 9.7254 9.7297 9.7339 9.7382 9.7424 9.7467 9.7509 9.7552 9.7595 9.7637 9.768 9.7722 9.7765 9.7808 9.785 9.7893 9.7935 9.7978 9.8021 9.8063 9.8106 9.8148 9.8191 9.8234 9.8276 9.8319 9.8361 9.8404 9.8446 9.8489 9.8532 9.8574 9.8617 9.8659 9.8702 9.8745 9.8787 9.883 9.8872 9.8915 9.8958 9.9
9.6061 9.6104 9.6147 9.6189 9.6232 9.6274 9.6317 9.6359 9.6402 9.6445 9.6487 9.653 9.6572 9.6615 9.6658 9.67 9.6743 9.6785 9.6828 9.6871 9.6913 9.6956 9.6998 9.7041 9.7084 9.7126 9.7169 9.7211 9.7254 9.7297 9.7339 9.7382 9.7424 9.7467 9.7509 9.7552 9.7595 9.7637 9.768 9.7722 9.7765 9.7808 9.785 9.7893 9.7935 9.7978 9.8021 9.8063 9.8106 9.8148 9.8191 9.8234 9.8276 9.8319 9.8361 9.8404 9.8446 9.8489 9.8532 9.8574 9.8617 9.8659 9.8702 9.8745 9.8787 9.883 9.8872 9.8915 9.8958 9.9
9.6061 9.6104 9.6147 9.6189 9.6232 9.6274 9.6317 9.6359 9.6402 9.6445 9.6487 9.653 9.6572 9.6615 9.6658 9.67 9.6743 9.6785 9.6828 9.6871 9.6913 9.6956 9.6998 9.7041 9.7084 9.7126 9.7169 9.7211 9.7254 9.7297 9.7339 9.7382 9.7424 9.7467 9.7509 9.7552 9.7595 9.7637 9.768 9.7722 9.7765 9.7808 9.785 9.7893 9.7935 9.7978 9.8021 9.8063 9.8106 9.8148 9.8191 9.8234 9.8276 9.8319 9.8361 9.8404 9.8446 9.8489 9.8532 9.8574 9.8617 9.8659 9.8702 9.8745 9.8787 9.883 9.8872 9.8915 9.8958 9.9
9.6061 9.6104 9.6147 9.6189 9.6232 9.6274 9.6317 9.6359 9.6402 9.6445 9.6487 9.653 9.6572 9.6615 9.6658 9.67 9.6743 9.6785 9.6828 9.6871 9.6913 9.6956 9.6998 9.7041 9.7084 9.7126 9.7169 9.7211 9.7254 9.7297 9.7339 9.7382 9.7424 9.7467 9.7509 9.7552 9.7595 9.7637 9.768 9.7722 9.7765 9.7808 9.785 9.7893 9.7935 9.7978 9.8021 9.8063 9.8106 9.8148 9.8191 9.8234 9.8276 9.8319 9.8361 9.8404 9.8446 9.8489 9.8532 9.8574 9.8617 9.8659 9.8702 9.8745 9.8787 9.883 9.8872 9.8915 9.8958 9.9
9.6061 9.6104 9.6147 9.6189 9.6232 9.6274 9.6317 9.6359 9.6402 9.6445 9.6487 9.653 9.6572 9.6615 9.6658 9.67 9.6743 9.6785 9.6828 9.6871 9.6913 9.6956 9.6998 9.7041 9.7084 9.7126 9.7169 9.7211 9.7254 9.7297 9.7339 9.7382 9.7424 9.7467 9.7509 9.7552 9.7595 9.7637 9.768 9.7722 9.7765 9.7808 9.785 9.7893 9.7935 9.7978 9.8021 9.8063 9.8106 9.8148 9.8191 9.8234 9.8276 9.8319 9.8361 9.8404 9.8446 9.8489 9.8532 9.8574 9.8617 9.8659 9.8702 9.8745 9.8787 9.883 9.8872 9.8915 9.8958 9.9
9.6061 9.6104 9.6147 9.6189 9.6232 9.6274 9.6317 9.6359 9.6402 9.6445 9.6487 9.653 9.6572 9.6615 9.6658 9.67 9.6743 9.6785 9.6828 9.6871 9.6913 9.6956 9.6998 9.7041 9.7084 9.7126 9.7169 9.7211 9.7254 9.7297 9.7339 9.7382 9.7424 9.7467 9.7509 9.7552 9.7595 9.7637 9.768 9.7722 9.7765 9.7808 9.785 9.7893 9.7935 9.7978 9.8021 9.8063 9.8106 9.8148 9.8191 9.8234 9.8276 9.8319 9.8361 9.8404 9.8446 9.8489 9.8532 9.8574 9.8617 9.8659 9.8702 9.8745 9.8787 9.883 9.8872 9.8915 9.8958 9.9
9.6061 9.6104 9.6147 9.6189 9.6232 9.6274 9.6317 9.6359 9.6402 9.6445 9.6487 9.653 9.6572 9.6615 9.6658 9.67 9.6743 9.6785 9.6828 9.6871 9.6913 9.6956 9.6998 9.7041 9.7084 9.7126 9.7169 9.7211 9.7254 9.7297 9.7339 9.7382 9.7424 9.7467 9.7509 9.7552 9.7595 9.7637 9.768 9.7722 9.7765 9.7808 9.785 9.7893 9.7935 9.7978 9.8021 9.8063 9.8106 9.8148 9.8191 9.8234 9.8276 9.8319 9.8361 9.8404 9.8446 9.8489 9.8532 9.8574 9.8617 9.8659 9.8702 9.8745 9.8787 9.883 9.8872 9.8915 9.8958 9.9
9.6061 9.6104 9.6147 9.6189 9.6232 9.6274 9.6317 9.6359 9.6402 9.6445 9.6487 9.653 9.6572 9.6615 9.6658 9.67 9.6743 9.6785 9.6828 9.6871 9.6913 9.6956 9.6998 9.7041 9.7084 9.7126 9.7169 9.7211 9.7254 9.7297 9.7339 9.7382 9.7424 9.7467 9.7509 9.7552 9.7595 9.7637 9.768 9.7722 9.7765 9.7808 9.785 9.7893 9.7935 9.7978 9.8021 9.8063 9.8106 9.8148 9.8191 9.8234 9.8276 9.8319 9.8361 9.8404 9.8446 9.8489 9.8532 9.8574 9.8617 9.8659 9.8702 9.8745 9.8787 9.883 9.8872 9.8915 9.8958 9.9
9.6061 9.6104 9.6147 9.6189 9.6232 9.6274 9.6317 9.6359 9.6402 9.6445 9.6487 9.653 9.6572 9.6615 9.6658 9.67 9.6743 9.6785 9.6828 9.6871 9.6913 9.6956 9.6998 9.7041 9.7084 9.7126 9.7169 9.7211 9.7254 9.7297 9.7339 9.7382 9.7424 9.7467 9.7509 9.7552 9.7595 9.7637 9.768 9.7722 9.7765 9.7808 9.785 9.7893 9.7935 9.7978 9.8021 9.8063 9.8106 9.8148 9.8191 9.8234 9.8276 9.8319 9.8361 9.8404 9.8446 9.8489 9.8532 9.8574 9.8617 9.8659 9.8702 9.8745 9.8787 9.883 9.8872 9.8915 9.8958 9.9
9.6061 9.6104 9.6147 9.6189 9.6232 9.6274 9.6317 9.6359 9.6402 9.6445 9.6487 9.653 9.6572 9.6615 9.6658 9.67 9.6743 9.6785 9.6828 9.6871 9.6913 9.6956 9.6998 9.7041 9.7084 9.7126 9.7169 9.7211 9.7254 9.7297 9.7339 9.7382 9.7424 9.7467 9.7509 9.7552 9.7595 9.7637 9.768 9.7722 9.7765 9.7808 9.785 9.7893 9.7935 9.7978 9.8021 9.8063 9.8106 9.8148 9.8191 9.8234 9.8276 9.8319 9.8361 9.8404 9.8446 9.8489 9.8532 9.8574 9.8617 9.8659 9.8702 9.8745 9.8787 9.883 9.8872 9.8915 9.8958 9.9
9.6061 9.6104 9.6147 9.6189 9.6232 9.6274 9.6317 9.6359 9.6402 9.6445 9.6487 9.653 9.6572 9.6615 9.6658 9.67 9.6743 9.6785 9.6828 9.6871 9.6913 9.6956 9.6998 9.7041 9.7084 9.7126 9.7169 9.7211 9.7254 9.7297 9.7339 9.7382 9.7424 9.7467 9.7509 9.7552 9.7595 9.7637 9.768 9.7722 9.7765 9.7808 9.785 9.7893 9.7935 9.7978 9.8021 9.8063 9.8106 9.8148 9.8191 9.8234 9.8276 9.8319 9.8361 9.8404 9.8446 9.8489 9.8532 9.8574 9.8617 9.8659 9.8702 9.8745 9.8787 9.883 9.8872 9.8915 9.8958 9.9
9.6061 9.6104 9.6147 9.6189 9.6232 9.6274 9.6317 9.6359 9.6402 9.6445 9.6487 9.653 9.6572 9.6615 9.6658 9.67 9.6743 9.6785 9.6828 9.6871 9.6913 9.6956 9.6998 9.7041 9.7084 9.7126 9.7169 9.7211 9.7254 9.7297 9.7339 9.7382 9.7424 9.7467 9.7509 9.7552 9.7595 9.7637 9.768 9.7722 9.7765 9.7808 9.785 9.7893 9.7935 9.7978 9.8021 9.8063 9.8106 9.8148 9.8191 9.8234 9.8276 9.8319 9.8361 9.8404 9.8446 9.8489 9.8532 9.8574 9.8617 9.8659 9.8702 9.8745 9.8787 9.883 9.8872 9.8915 9.8958 9.9
9.6061 9.6104 9.6147 9.6189 9.6232 9.6274 9.6317 9.6359 9.6402 9.6445 9.6487 9.653 9.6572 9.6615 9.6658 9.67 9.6743 9.6785 9.6828 9.6871 9.6913 9.6956 9.6998 9.7041 9.7084 9.7126 9.7169 9.7211 9.7254 9.7297 9.7339 9.7382 9.7424 9.7467 9.7509 9.7552 9.7595 9.7637 9.768 9.7722 9.7765 9.7808 9.785 9.7893 9.7935 9.7978 9.8021 9.8063 9.8106 9.8148 9.8191 9.8234 9.8276 9.8319 9.8361 9.8404 9.8446 9.8489 9.8532 9.8574 9.8617 9.8659 9.8702 9.8745 9.8787 9.883 9.8872 9.8915 9.8958 9.9
9.6061 9.6104 9.6147 9.6189 9.6232 9.6274 9.6317 9.6359 9.6402 9.6445 9.6487 9.653 9.6572 9.6615 9.6658 9.67 9.6743 9.6785 9.6828 9.6871 9.6913 9.6956 9.6998 9.7041 9.7084 9.7126 9.7169 9.7211 9.7254 9.7297 9.7339 9.7382 9.7424 9.7467 9.7509 9.7552 9.7595 9.7637 9.768 9.7722 9.7765 9.7808 9.785 9.7893 9.7935 9.7978 9.8021 9.8063 9.8106 9.8148 9.8191 9.8234 9.8276 9.8319 9.8361 9.8404 9.8446 9.8489 9.8532 9.8574 9.8617 9.8659 9.8702 9.8745 9.8787 9.883 9.8872 9.8915 9.8958 9.9
9.6061 9.6104 9.6147 9.6189 9.6232 9.6274 9.6317 9.6359 9.6402 9.6445 9.6487 9.653 9.6572 9.6615 9.6658 9.67 9.6743 9.6785 9.6828 9.6871 9.6913 9.6956 9.6998 9.7041 9.7084 9.7126 9.7169 9.7211 9.7254 9.7297 9.7339 9.7382 9.7424 9.7467 9.7509 9.7552 9.7595 9.7637 9.768 9.7722 9.7765 9.7808 9.785 9.7893 9.7935 9.7978 9.8021 9.8063 9.8106 9.8148 9.8191 9.8234 9.8276 9.8319 9.8361 9.8404 9.8446 9.8489 9.8532 9.8574 9.8617 9.8659 9.8702 9.8745 9.8787 9.883 9.8872 9.8915 9.8958 9.9
9.6061 9.6104 9.6147 9.6189 9.6232 9.6274 9.6317 9.6359 9.6402 9.6445 9.6487 9.653 9.6572 9.6615 9.6658 9.67 9.6743 9.6785 9.6828 9.6871 9.6913 9.6956 9.6998 9.7041 9.7084 9.7126 9.7169 9.7211 9.7254 9.7297 9.7339 9.7382 9.7424 9.7467 9.7509 9.7552 9.7595 9.7637 9.768 9.7722 9.7765 9.7808 9.785 9.7893 9.7935 9.7978 9.8021 9.8063 9.8106 9.8148 9.8191 9.8234 9.8276 9.8319 9.8361 9.8404 9.8446 9.8489 9.8532 9.8574 9.8617 9.8659 9.8702 9.8745 9.8787 9.883 9.8872 9.8915 9.8958 9.9
9.6061 9.6104 9.6147 9.6189 9.6232 9.6274 9.6317 9.6359 9.6402 9.6445 9.6487 9.653 9.6572 9.6615 9.6658 9.67 9.6743 9.6785 9.6828 9.6871 9.6913 9.6956 9.6998 9.7041 9.7084 9.7126 9.7169 9.7211 9.7254 9.7297 9.7339 9.7382 9.7424 9.7467 9.7509 9.7552 9.7595 9.7637 9.768 9.7722 9.7765 9.7808 9.785 9.7893 9.7935 9.7978 9.8021 9.8063 9.8106 9.8148 9.8191 9.8234 9.8276 9.8319 9.8361 9.8404 9.8446 9.8489 9.8532 9.8574 9.8617 9.8659 9.8702 9.8745 9.8787 9.883 9.8872 9.8915 9.8958 9.9
9.6061 9.6104 9.6147 9.6189 9.6232 9.6274 9.6317 9.6359 9.6402 9.6445 9.6487 9.653 9.6572 9.6615 9.6658 9.67 9.6743 9.6785 9.6828 9.6871 9.6913 9.6956 9.6998 9.7041 9.7084 9.7126 9.7169 9.7211 9.7254 9.7297 9.7339 9.7382 9.7424 9.7467 9.7509 9.7552 9.7595 9.7637 9.768 9.7722 9.7765 9.7808 9.785 9.7893 9.7935 9.7978 9.8021 9.8063 9.8106 9.8148 9.8191 9.8234 9.8276 9.8319 9.8361 9.8404 9.8446 9.8489 9.8532 9.8574 9.8617 9.8659 9.8702 9.8745 9.8787 9.883 9.8872 9.8915 9.8958 9.9
9.6061 9.6104 9.6147 9.6189 9.6232 9.6274 9.6317 9.6359 9.6402 9.6445 9.6487 9.653 9.6572 9.6615 9.6658 9.67 9.6743 9.6785 9.6828 9.6871 9.6913 9.6956 9.6998 9.7041 9.7084 9.7126 9.7169 9.7211 9.7254 9.7297 9.7339 9.7382 9.7424 9.7467 9.7509 9.7552 9.7595 9.7637 9.768 9.7722 9.7765 9.7808 9.785 9.7893 9.7935 9.7978 9.8021 9.8063 9.8106 9.8148 9.8191 9.8234 9.8276 9.8319 9.8361 9.8404 9.8446 9.8489 9.8532 9.8574 9.8617 9.8659 9.8702 9.8745 9.8787 9.883 9.8872 9.8915 9.8958 9.9
9.6061 9.6104 9.6147 9.6189 9.6232 9.6274 9.6317 9.6359 9.6402 9.6445 9.6487 9.653 9.6572 9.6615 9.6658 9.67 9.6743 9.6785 9.6828 9.6871 9.6913 9.6956 9.6998 9.7041 9.7084 9.7126 9.7169 9.7211 9.7254 9.7297 9.7339 9.7382 9.7424 9.7467 9.7509 9.7552 9.7595 9.7637 9.768 9.7722 9.7765 9.7808 9.785 9.7893 9.7935 9.7978 9.8021 9.8063 9.8106 9.8148 9.8191 9.8234 9.8276 9.8319 9.8361 9.8404 9.8446 9.8489 9.8532 9.8574 9.8617 9.8659 9.8702 9.8745 9.8787 9.883 9.8872 9.8915 9.8958 9.9
9.6061 9.6104 9.6147 9.6189 9.6232 9.6274 9.6317 9.6359 9.6402 9.6445 9.6487 9.653 9.6572 9.6615 9.6658 9.67 9.6743 9.6785 9.6828 9.6871 9.6913 9.6956 9.6998 9.7041 9.7084 9.7126 9.7169 9.7211 9.7254 9.7297 9.7339 9.7382 9.7424 9.7467 9.7509 9.7552 9.7595 9.7637 9.768 9.7722 9.7765 9.7808 9.785 9.7893 9.7935 9.7978 9.8021 9.8063 9.8106 9.8148 9.8191 9.8234 9.8276 9.8319 9.8361 9.8404 9.8446 9.8489 9.8532 9.8574 9.8617 9.8659 9.8702 9.8745 9.8787 9.883 9.8872 9.8915 9.8958 9.9
9.6061 9.6104 9.6147 9.6189 9.6232 9.6274 9.6317 9.6359 9.6402 9.6445 9.6487 9.653 9.6572 9.6615 9.6658 9.67 9.6743 9.6785 9.6828 9.6871 9.6913 9.6956 9.6998 9.7041 9.7084 9.7126 9.7169 9.7211 9.7254 9.7297 9.7339 9.7382 9.7424 9.7467 9.7509 9.7552 9.7595 9.7637 9.768 9.7722 9.7765 9.7808 9.785 9.7893 9.7935 9.7978 9.8021 9.8063 9.8106 9.8148 9.8191 9.8234 9.8276 9.8319 9.8361 9.8404 9.8446 9.8489 9.8532 9.8574 9.8617 9.8659 9.8702 9.8745 9.8787 9.883 9.8872 9.8915 9.8958 9.9
9.6061 9.6104 9.6147 9.6189 9.6232 9.6274 9.6317 9.6359 9.6402 9.6445 9.6487 9.653 9.6572 9.6615 9.6658 9.67 9.6743 9.6785 9.6828 9.6871 9.6913 9.6956 9.6998 9.7041 9.7084 9.7126 9.7169 9.7211 9.7254 9.7297 9.7339 9.7382 9.7424 9.7467 9.7509 9.7552 9.7595 9.7637 9.768 9.7722 9.7765 9.7808 9.785 9.7893 9.7935 9.7978 9.8021 9.8063 9.8106 9.8148 9.8191 9.8234 9.8276 9.8319 9.8361 9.8404 9.8446 9.8489 9.8532 9.8574 9.8617 9.8659 9.8702 9.8745 9.8787 9.883 9.8872 9.8915 9.8958 9.9
9.6061 9.6104 9.6147 9.6189 9.6232 9.6274 9.6317 9.6359 9.6402 9.6445 9.6487 9.653 9.6572 9.6615 9.6658 9.67 9.6743 9.6785 9.6828 9.6871 9.6913 9.6956 9.6998 9.7041 9.7084 9.7126 9.7169 9.7211 9.7254 9.7297 9.7339 9.7382 9.7424 9.7467 9.7509 9.7552 9.7595 9.7637 9.768 9.7722 9.7765 9.7808 9.785 9.7893 9.7935 9.7978 9.8021 9.8063 9.8106 9.8148 9.8191 9.8234 9.8276 9.8319 9.8361 9.8404 9.8446 9.8489 9.8532 9.8574 9.8617 9.8659 9.8702 9.8745 9.8787 9.883 9.8872 9.8915 9.8958 9.9
9.6061 9.6104 9.6147 9.6189 9.6232 9.6274 9.6317 9.6359 9.6402 9.6445 9.6487 9.653 9.6572 9.6615 9.6658 9.67 9.6743 9.6785 9.6828 9.6871 9.6913 9.6956 9.6998 9.7041 9.7084 9.7126 9.7169 9.7211 9.7254 9.7297 9.7339 9.7382 9.7424 9.7467 9.7509 9.7552 9.7595 9.7637 9.768 9.7722 9.7765 9.7808 9.785 9.7893 9.7935 9.7978 9.8021 9.8063 9.8106 9.8148 9.8191 9.8234 9.8276 9.8319 9.8361 9.8404 9.8446 9.8489 9.8532 9.8574 9.8617 9.8659 9.8702 9.8745 9.8787 9.883 9.8872 9.8915 9.8958 9.9
9.6061 9.6104 9.6147 9.6189 9.6232 9.6274 9.6317 9.6359 9.6402 9.6445 9.6487 9.653 9.6572 9.6615 9.6658 9.67 9.6743 9.6785 9.6828 9.6871 9.6913 9.6956 9.6998 9.7041 9.7084 9.7126 9.7169 9.7211 9.7254 9.7297 9.7339 9.7382 9.7424 9.7467 9.7509 9.7552 9.7595 9.7637 9.768 9.7722 9.7765 9.7808 9.785 9.7893 9.7935 9.7978 9.8021 9.8063 9.8106 9.8148 9.8191 9.8234 9.8276 9.8319 9.8361 9.8404 9.8446 9.8489 9.8532 9.8574 9.8617 9.8659 9.8702 9.8745 9.8787 9.883 9.8872 9.8915 9.8958 9.9
9.6061 9.6104 9.6147 9.6189 9.6232 9.6274 9.6317 9.6359 9.6402 9.6445 9.6487 9.653 9.6572 9.6615 9.6658 9.67 9.6743 9.6785 9.6828 9.6871 9.6913 9.6956 9.6998 9.7041 9.7084 9.7126 9.7169 9.7211 9.7254 9.7297 9.7339 9.7382 9.7424 9.7467 9.7509 9.7552 9.7595 9.7637 9.768 9.7722 9.7765 9.7808 9.785 9.7893 9.7935 9.7978 9.8021 9.8063 9.8106 9.8148 9.8191 9.8234 9.8276 9.8319 9.8361 9.8404 9.8446 9.8489 9.8532 9.8574 9.8617 9.8659 9.8702 9.8745 9.8787 9.883 9.8872 9.8915 9.8958 9.9
9.6061 9.6104 9.6147 9.6189 9.6232 9.6274 9.6317 9.6359 9.6402 9.6445 9.6487 9.653 9.6572 9.6615 9.6658 9.67 9.6743 9.6785 9.6828 9.6871 9.6913 9.6956 9.6998 9.7041 9.7084 9.7126 9.7169 9.7211 9.7254 9.7297 9.7339 9.7382 9.7424 9.7467 9.7509 9.7552 9.7595 9.7637 9.768 9.7722 9.7765 9.7808 9.785 9.7893 9.7935 9.7978 9.8021 9.8063 9.8106 9.8148 9.8191 9.8234 9.8276 9.8319 9.8361 9.8404 9.8446 9.8489 9.8532 9.8574 9.8617 9.8659 9.8702 9.8745 9.8787 9.883 9.8872 9.8915 9.8958 9.9
9.6061 9.6104 9.6147 9.6189 9.6232 9.6274 9.6317 9.6359 9.6402 9.6445 9.6487 9.653 9.6572 9.6615 9.6658 9.67 9.6743 9.6785 9.6828 9.6871 9.6913 9.6956 9.6998 9.7041 9.7084 9.7126 9.7169 9.7211 9.7254 9.7297 9.7339 9.7382 9.7424 9.7467 9.7509 9.7552 9.7595 9.7637 9.768 9.7722 9.7765 9.7808 9.785 9.7893 9.7935 9.7978 9.8021 9.8063 9.8106 9.8148 9.8191 9.8234 9.8276 9.8319 9.8361 9.8404 9.8446 9.8489 9.8532 9.8574 9.8617 9.8659 9.8702 9.8745 9.8787 9.883 9.8872 9.8915 9.8958 9.9
9.6061 9.6104 9.6147 9.6189 9.6232 9.6274 9.6317 9.6359 9.6402 9.6445 9.6487 9.653 9.6572 9.6615 9.6658 9.67 9.6743 9.6785 9.6828 9.6871 9.6913 9.6956 9.6998 9.7041 9.7084 9.7126 9.7169 9.7211 9.7254 9.7297 9.7339 9.7382 9.7424 9.7467 9.7509 9.7552 9.7595 9.7637 9.768 9.7722 9.7765 9.7808 9.785 9.7893 9.7935 9.7978 9.8021 9.8063 9.8106 9.8148 9.8191 9.8234 9.8276 9.8319 9.8361 9.8404 9.8446 9.8489 9.8532 9.8574 9.8617 9.8659 9.8702 9.8745 9.8787 9.883 9.8872 9.8915 9.8958 9.9
