Examples/_Benchmarking_Model_Data/Test5/dem50.asc
ncols         255
nrows         225
xllcorner     232324.844
yllcorner     829983.063
cellsize      50
nodata_value  -9999.0
[rows 174 to 202 of 225, columns 0 to 66 of 255]
-9999.0 -9999.0 -9999.0 -9999.0 -9999.0 -9999.0 -9999.0 -9999.0 -9999.0 -9999.0 -9999.0 -9999.0 -9999.0 -9999.0 -9999.0 -9999.0 -9999.0 -9999.0 -9999.0 -9999.0 -9999.0 -9999.0 -9999.0 -9999.0 -9999.0 -9999.0 -9999.0 -9999.0 -9999.0 -9999.0 -9999.0 -9999.0 -9999.0 -9999.0 -9999.0 -9999.0 -9999.0 -9999.0 -9999.0 -9999.0 -9999.0 -9999.0 -9999.0 -9999.0 -9999.0 376.28 359.132 327.605 292.381 268.315 233.049 197.669 173.677 172.473 172.188 171.903 171.657 171.457 171.492 171.68 171.879 172.071 172.247 172.383 172.45 172.473 172.45
-9999.0 -9999.0 -9999.0 -9999.0 -9999.0 -9999.0 -9999.0 -9999.0 -9999.0 -9999.0 -9999.0 -9999.0 -9999.0 -9999.0 -9999.0 -9999.0 -9999.0 -9999.0 -9999.0 -9999.0 -9999.0 -9999.0 -9999.0 -9999.0 -9999.0 -9999.0 -9999.0 -9999.0 -9999.0 -9999.0 -9999.0 -9999.0 -9999.0 -9999.0 -9999.0 -9999.0 -9999.0 -9999.0 -9999.0 -9999.0 -9999.0 -9999.0 -9999.0 381.185 367.659 340.783 314.755 280.196 254.121 220.863 181.657 173.024 172.778 172.473 172.196 171.895 171.543 171.313 171.375 171.543 171.739 171.938 172.125 172.294 172.426 172.481 172.501
-9999.0 -9999.0 -9999.0 -9999.0 -9999.0 -9999.0 -9999.0 -9999.0 -9999.0 -9999.0 -9999.0 -9999.0 -9999.0 -9999.0 -9999.0 -9999.0 -9999.0 -9999.0 -9999.0 -9999.0 -9999.0 -9999.0 -9999.0 -9999.0 -9999.0 -9999.0 -9999.0 -9999.0 -9999.0 -9999.0 -9999.0 -9999.0 -9999.0 -9999.0 -9999.0 -9999.0 -9999.0 -9999.0 -9999.0 -9999.0 -9999.0 -9999.0 380.02 366.334 333.084 304.731 277.718 235.929 206.345 176.084 173.095 172.899 172.712 172.446 172.168 171.828 171.555 171.391 171.313 171.426 171.602 171.797 171.993 172.176 172.34 172.462 172.52
-9999.0 -9999.0 -9999.0 -9999.0 -9999.0 -9999.0 -9999.0 -9999.0 -9999.0 -9999.0 -9999.0 -9999.0 -9999.0 -9999.0 -9999.0 -9999.0 -9999.0 -9999.0 -9999.0 -9999.0 -9999.0 -9999.0 -9999.0 -9999.0 -9999.0 -9999.0 -9999.0 -9999.0 -9999.0 -9999.0 -9999.0 -9999.0 -9999.0 -9999.0 -9999.0 -9999.0 -9999.0 -9999.0 -9999.0 -9999.0 389.982 381.201 354.645 328.57 293.089 250.537 224.361 187.973 173.54 173.11 172.985 172.825 172.645 172.38 172.094 171.887 171.703 171.524 171.375 171.352 171.477 171.657 171.864 172.09 172.286 172.45 172.559
-9999.0 -9999.0 -9999.0 -9999.0 -9999.0 -9999.0 -9999.0 -9999.0 -9999.0 -9999.0 -9999.0 -9999.0 -9999.0 -9999.0 -9999.0 -9999.0 -9999.0 -9999.0 -9999.0 -9999.0 -9999.0 -9999.0 -9999.0 -9999.0 -9999.0 -9999.0 -9999.0 -9999.0 -9999.0 -9999.0 -9999.0 -9999.0 -9999.0 -9999.0 -9999.0 -9999.0 -9999.0 -9999.0 -9999.0 382.385 375.018 350.288 329.645 290.74 234.378 190.154 176.581 173.372 173.149 173.001 172.884 172.739 172.563 172.348 172.204 172.04 171.864 171.68 171.5 171.383 171.399 171.571 171.899 172.145 172.337 172.505 172.649
-9999.0 -9999.0 -9999.0 -9999.0 -9999.0 -9999.0 -9999.0 -9999.0 -9999.0 -9999.0 -9999.0 -9999.0 -9999.0 -9999.0 -9999.0 -9999.0 -9999.0 -9999.0 -9999.0 -9999.0 -9999.0 -9999.0 -9999.0 -9999.0 -9999.0 -9999.0 -9999.0 -9999.0 -9999.0 -9999.0 -9999.0 -9999.0 -9999.0 -9999.0 -9999.0 -9999.0 -9999.0 371.036 357.475 342.139 332.412 308.076 288.333 234.565 185.022 174.47 173.755 173.345 173.095 172.927 172.77 172.614 172.505 172.438 172.329 172.184 172.02 171.84 171.653 171.496 171.555 171.789 171.985 172.168 172.364 172.571 177.433
-9999.0 -9999.0 -9999.0 -9999.0 -9999.0 -9999.0 -9999.0 -9999.0 -9999.0 -9999.0 -9999.0 -9999.0 -9999.0 -9999.0 -9999.0 -9999.0 -9999.0 -9999.0 -9999.0 -9999.0 -9999.0 -9999.0 -9999.0 -9999.0 -9999.0 -9999.0 -9999.0 -9999.0 -9999.0 -9999.0 -9999.0 -9999.0 -9999.0 -9999.0 -9999.0 -9999.0 352.402 331.533 322.017 304.285 278.277 252.73 220.398 183.6 175.627 174.576 173.779 173.317 173.044 172.848 172.657 172.524 172.516 172.497 172.434 172.317 172.168 172 171.832 171.707 171.793 171.954 172.075 172.208 172.411 176.452 196.25
-9999.0 -9999.0 -9999.0 -9999.0 -9999.0 -9999.0 -9999.0 -9999.0 -9999.0 -9999.0 -9999.0 -9999.0 -9999.0 -9999.0 -9999.0 -9999.0 -9999.0 -9999.0 -9999.0 -9999.0 -9999.0 -9999.0 -9999.0 -9999.0 -9999.0 -9999.0 -9999.0 -9999.0 -9999.0 -9999.0 -9999.0 -9999.0 -9999.0 -9999.0 -9999.0 340.986 319.367 286.859 273.075 248.279 223.888 197.571 178.793 176.803 175.67 174.619 173.783 173.306 173.024 172.805 172.622 172.536 172.524 172.52 172.501 172.426 172.309 172.184 172.09 172.008 171.993 172.102 172.2 172.325 177.62 197.927 216.037
-9999.0 -9999.0 -9999.0 -9999.0 -9999.0 -9999.0 -9999.0 -9999.0 -9999.0 -9999.0 -9999.0 -9999.0 -9999.0 -9999.0 -9999.0 -9999.0 -9999.0 -9999.0 -9999.0 -9999.0 -9999.0 -9999.0 -9999.0 -9999.0 -9999.0 -9999.0 -9999.0 -9999.0 -9999.0 -9999.0 -9999.0 -9999.0 -9999.0 344.597 330.349 306.06 281.157 251.479 217.205 201.471 183.299 179.066 177.792 176.725 175.666 174.623 173.775 173.337 173.118 172.915 172.739 172.645 172.614 172.583 172.563 172.54 172.505 172.454 172.364 172.27 172.223 172.286 172.966 184.28 201.041 219.554 240.927
-9999.0 -9999.0 -9999.0 -9999.0 -9999.0 -9999.0 -9999.0 -9999.0 -9999.0 -9999.0 -9999.0 -9999.0 -9999.0 -9999.0 -9999.0 -9999.0 -9999.0 -9999.0 -9999.0 -9999.0 -9999.0 -9999.0 -9999.0 -9999.0 -9999.0 -9999.0 -9999.0 -9999.0 -9999.0 -9999.0 -9999.0 349.354 320.637 301.186 291.162 266.467 239.364 208.654 190.384 181.712 180.094 178.668 177.53 176.569 175.569 174.498 173.708 173.423 173.243 173.067 172.915 172.825 172.778 172.735 172.751 172.77 172.759 172.696 172.606 172.528 172.489 178.347 196.989 211.488 215.712 238.282 282.021
-9999.0 -9999.0 -9999.0 -9999.0 -9999.0 -9999.0 -9999.0 -9999.0 -9999.0 -9999.0 -9999.0 -9999.0 -9999.0 -9999.0 -9999.0 -9999.0 -9999.0 -9999.0 -9999.0 -9999.0 -9999.0 -9999.0 -9999.0 -9999.0 -9999.0 -9999.0 -9999.0 -9999.0 -9999.0 365.627 330.266 300.979 273.744 260.792 250.158 224.74 200.588 185.339 182.267 180.958 179.602 178.296 177.21 176.276 175.232 174.212 173.704 173.544 173.392 173.247 173.114 173.036 172.981 172.938 172.95 172.946 172.927 172.899 172.845 174.201 191.166 218.726 232.951 233.881 248.349 278.598 314.474
-9999.0 -9999.0 -9999.0 -9999.0 -9999.0 -9999.0 -9999.0 -9999.0 -9999.0 -9999.0 -9999.0 -9999.0 -9999.0 -9999.0 -9999.0 -9999.0 -9999.0 -9999.0 -9999.0 -9999.0 -9999.0 -9999.0 -9999.0 -9999.0 -9999.0 -9999.0 -9999.0 -9999.0 338.251 308.78 272.767 257.779 244.073 238.583 211.644 190.154 183.697 182.787 181.622 180.379 179.137 177.835 176.682 175.717 174.728 174.021 173.794 173.669 173.552 173.435 173.333 173.271 173.231 173.185 173.157 173.13 173.083 173.075 182.341 209.573 236.558 246.332 246.039 262.926 301.405 -9999.0 -9999.0
-9999.0 -9999.0 -9999.0 -9999.0 -9999.0 -9999.0 -9999.0 -9999.0 -9999.0 -9999.0 -9999.0 -9999.0 -9999.0 -9999.0 -9999.0 -9999.0 -9999.0 -9999.0 -9999.0 -9999.0 -9999.0 -9999.0 -9999.0 -9999.0 -9999.0 -9999.0 265.212 263.419 261.234 250.303 223.435 213.715 211.152 199.861 186.644 184.565 183.424 182.439 181.2 179.918 178.582 177.175 175.991 175.1 174.38 173.997 173.896 173.802 173.712 173.638 173.579 173.548 173.474 173.411 173.368 173.341 174.646 196.934 227.906 246.102 255.645 252.566 277.515 325.209 -9999.0 -9999.0 -9999.0
-9999.0 -9999.0 -9999.0 -9999.0 -9999.0 -9999.0 -9999.0 -9999.0 -9999.0 -9999.0 -9999.0 -9999.0 -9999.0 -9999.0 -9999.0 -9999.0 -9999.0 -9999.0 -9999.0 -9999.0 -9999.0 -9999.0 -9999.0 -9999.0 280.149 248.927 243.917 219.116 211.969 207.537 199.4 192.283 189.016 187.688 186.488 185.12 183.748 182.306 180.884 179.457 177.995 176.565 175.514 174.736 174.224 174.083 173.997 173.935 173.915 173.919 173.896 173.833 173.743 173.661 173.611 177.355 203.453 234.045 253.644 261.648 277.046 306.079 342.64 -9999.0 -9999.0 -9999.0 -9999.0
-9999.0 -9999.0 -9999.0 -9999.0 -9999.0 -9999.0 -9999.0 -9999.0 -9999.0 -9999.0 -9999.0 -9999.0 -9999.0 -9999.0 -9999.0 -9999.0 -9999.0 -9999.0 -9999.0 -9999.0 -9999.0 -9999.0 353.34 324.932 274.83 250.276 244.527 218.87 209.166 198.818 191.056 189.548 188.801 188.035 186.996 185.62 184.08 182.427 180.821 179.34 177.925 176.71 175.666 174.849 174.408 174.228 174.119 174.138 174.169 174.177 174.166 174.099 174.021 174.087 182.095 212.477 235.421 251.905 266.228 293.358 317.155 -9999.0 -9999.0 -9999.0 -9999.0 -9999.0 -9999.0
-9999.0 -9999.0 -9999.0 -9999.0 -9999.0 -9999.0 -9999.0 -9999.0 -9999.0 -9999.0 -9999.0 -9999.0 -9999.0 -9999.0 -9999.0 -9999.0 -9999.0 -9999.0 -9999.0 -9999.0 371.415 345.789 325.757 294.5 261.566 242.725 222.72 202.292 191.983 189.966 189.509 189.083 188.672 188.082 187.25 185.948 184.413 182.892 181.485 180.121 178.789 177.534 176.366 175.416 174.873 174.58 174.396 174.322 174.337 174.361 174.365 174.337 178.07 194.433 217.205 239.056 258.686 281.486 309.62 330.055 -9999.0 -9999.0 -9999.0 -9999.0 -9999.0 -9999.0 -9999.0
-9999.0 -9999.0 -9999.0 -9999.0 -9999.0 -9999.0 -9999.0 -9999.0 -9999.0 -9999.0 -9999.0 -9999.0 -9999.0 -9999.0 -9999.0 -9999.0 -9999.0 -9999.0 384.233 370.887 335.363 314.208 284.44 260.593 231.689 205.759 190.376 189.059 189.184 189.157 188.899 188.575 188.328 187.965 187.234 186.128 184.94 183.705 182.482 181.212 179.891 178.543 177.288 176.206 175.506 175.111 174.791 174.564 174.494 174.506 174.92 184.924 207.419 227.871 238.993 261.785 277.05 307.17 335.531 -9999.0 -9999.0 -9999.0 -9999.0 -9999.0 -9999.0 -9999.0 -9999.0
-9999.0 -9999.0 -9999.0 -9999.0 -9999.0 -9999.0 -9999.0 -9999.0 -9999.0 -9999.0 -9999.0 -9999.0 -9999.0 -9999.0 -9999.0 -9999.0 388.618 379.473 372.279 330.13 301.648 270.723 237.867 202.554 188.715 187.797 187.723 187.961 188.301 188.383 188.313 188.086 187.902 187.637 187.09 186.335 185.44 184.436 183.385 182.208 180.884 179.484 178.16 176.991 176.131 175.537 175.115 174.834 174.709 178.777 194.937 216.103 234.565 253.363 265.255 284.483 315.603 -9999.0 -9999.0 -9999.0 -9999.0 -9999.0 -9999.0 -9999.0 -9999.0 -9999.0 -9999.0
-9999.0 -9999.0 -9999.0 -9999.0 -9999.0 -9999.0 -9999.0 -9999.0 -9999.0 -9999.0 -9999.0 -9999.0 -9999.0 -9999.0 391.186 391.534 387.032 361.926 335.128 296.247 258.85 221.215 190.791 187.246 187.148 187 186.847 186.941 187.25 187.406 187.426 187.41 187.371 187.222 186.859 186.32 185.558 184.768 183.885 182.783 181.54 180.168 178.836 177.644 176.682 175.912 175.397 175.232 185.503 203.976 220.516 233.893 255.196 280.337 301.636 324.877 -9999.0 -9999.0 -9999.0 -9999.0 -9999.0 -9999.0 -9999.0 -9999.0 -9999.0 -9999.0 -9999.0
-9999.0 -9999.0 -9999.0 -9999.0 -9999.0 -9999.0 -9999.0 -9999.0 -9999.0 -9999.0 -9999.0 -9999.0 393.484 390.842 383.268 375.917 365.228 326.124 288.661 250.858 205.633 187.527 186.578 186.468 186.472 186.417 186.175 185.851 185.886 186.05 186.288 186.519 186.593 186.562 186.328 185.948 185.409 184.737 183.908 182.834 181.622 180.379 179.246 178.171 177.155 176.26 175.658 184.026 212.285 225.78 244.675 267.397 289.439 306.732 -9999.0 -9999.0 -9999.0 -9999.0 -9999.0 -9999.0 -9999.0 -9999.0 -9999.0 -9999.0 -9999.0 -9999.0 -9999.0
-9999.0 -9999.0 -9999.0 -9999.0 -9999.0 -9999.0 -9999.0 -9999.0 -9999.0 -9999.0 -9999.0 -9999.0 390.072 380.708 349.963 342.702 319.82 275.37 242.186 197.141 186.554 186.3 185.991 185.773 185.773 185.687 185.319 184.858 184.71 184.948 185.21 185.44 185.55 185.546 185.397 185.104 184.741 184.276 183.572 182.595 181.485 180.379 179.465 178.527 177.546 176.62 182.787 214.098 233.737 256.724 279.524 303.641 318.343 -9999.0 -9999.0 -9999.0 -9999.0 -9999.0 -9999.0 -9999.0 -9999.0 -9999.0 -9999.0 -9999.0 -9999.0 -9999.0 -9999.0
-9999.0 -9999.0 -9999.0 -9999.0 -9999.0 -9999.0 -9999.0 -9999.0 -9999.0 -9999.0 -9999.0 395.188 374.119 347.099 321.802 303.598 268.104 230.051 191.22 186.378 185.96 185.718 185.378 185.1 184.964 184.839 184.608 184.569 184.483 184.44 184.452 184.444 184.432 184.358 184.147 183.885 183.635 183.326 182.783 181.95 181.036 180.219 179.484 178.683 177.773 182.9 205.731 236.773 262.883 291.846 319.113 338.481 -9999.0 -9999.0 -9999.0 -9999.0 -9999.0 -9999.0 -9999.0 -9999.0 -9999.0 -9999.0 -9999.0 -9999.0 -9999.0 -9999.0 -9999.0
-9999.0 -9999.0 -9999.0 -9999.0 -9999.0 -9999.0 -9999.0 -9999.0 -9999.0 -9999.0 -9999.0 374.92 347.349 318.906 293.777 268.569 233.971 193.929 187.281 186.222 185.573 185.218 184.796 184.514 184.561 184.698 184.788 184.811 184.76 184.502 184.162 183.881 183.635 183.326 182.861 182.466 182.232 182.029 181.689 181.087 180.422 179.864 179.348 178.664 180.583 204.656 238.778 267.729 295.641 327.679 -9999.0 -9999.0 -9999.0 -9999.0 -9999.0 -9999.0 -9999.0 -9999.0 -9999.0 -9999.0 -9999.0 -9999.0 -9999.0 -9999.0 -9999.0 -9999.0 -9999.0
-9999.0 -9999.0 -9999.0 -9999.0 -9999.0 -9999.0 -9999.0 -9999.0 -9999.0 -9999.0 371.899 352.121 322.45 292.639 270.191 241.604 205.454 188.7 187.289 186.152 185.3 184.71 184.327 184.432 184.635 184.815 184.96 185.026 184.987 184.682 184.116 183.607 183.111 182.533 181.794 181.161 180.821 180.653 180.508 180.207 179.758 179.297 178.883 182.763 205.755 235.261 268.929 303.578 337.539 -9999.0 -9999.0 -9999.0 -9999.0 -9999.0 -9999.0 -9999.0 -9999.0 -9999.0 -9999.0 -9999.0 -9999.0 -9999.0 -9999.0 -9999.0 -9999.0 -9999.0 -9999.0
-9999.0 -9999.0 -9999.0 -9999.0 -9999.0 -9999.0 -9999.0 -9999.0 -9999.0 -9999.0 356.408 332.971 304.168 283.858 260.425 226.542 191.091 188.786 187.312 185.984 184.78 184.084 184.178 184.424 184.651 184.866 185.057 185.163 185.12 184.753 184.116 183.42 182.677 181.88 180.97 180.168 179.742 179.598 179.547 179.387 179.019 178.582 187.965 211.425 244.668 279.77 311.633 344.926 -9999.0 -9999.0 -9999.0 -9999.0 -9999.0 -9999.0 -9999.0 -9999.0 -9999.0 -9999.0 -9999.0 -9999.0 -9999.0 -9999.0 -9999.0 -9999.0 -9999.0 -9999.0 -9999.0
-9999.0 -9999.0 -9999.0 -9999.0 -9999.0 -9999.0 -9999.0 -9999.0 -9999.0 369.125 349.428 317.718 292.616 272.782 247.325 200.096 190.689 189.001 187.414 185.722 184.135 183.752 184.018 184.315 184.6 184.858 185.077 185.171 185.112 184.694 183.998 183.135 182.197 181.263 180.317 179.516 179.035 178.867 178.715 178.535 179.567 197.673 236.523 253.879 283.213 321.731 -9999.0 -9999.0 -9999.0 -9999.0 -9999.0 -9999.0 -9999.0 -9999.0 -9999.0 -9999.0 -9999.0 -9999.0 -9999.0 -9999.0 -9999.0 -9999.0 -9999.0 -9999.0 -9999.0 -9999.0 -9999.0
-9999.0 -9999.0 -9999.0 -9999.0 -9999.0 -9999.0 -9999.0 -9999.0 -9999.0 361.946 334.089 308.1 282.326 255.989 217.108 193.147 191.236 189.505 187.688 185.589 184.041 183.6 183.811 184.096 184.416 184.737 184.971 185.034 184.924 184.405 183.635 182.677 181.657 180.751 179.914 179.172 178.597 178.324 178.058 184.612 212.152 247.051 276.347 300.123 320.954 -9999.0 -9999.0 -9999.0 -9999.0 -9999.0 -9999.0 -9999.0 -9999.0 -9999.0 -9999.0 -9999.0 -9999.0 -9999.0 -9999.0 -9999.0 -9999.0 -9999.0 -9999.0 -9999.0 -9999.0 -9999.0 -9999.0
-9999.0 -9999.0 -9999.0 -9999.0 -9999.0 -9999.0 -9999.0 -9999.0 370.813 344.281 323.08 306.13 272.466 231.966 196.113 193.659 191.861 190.056 187.961 185.831 184.436 183.686 183.643 183.877 184.17 184.459 184.62 184.635 184.487 183.936 183.08 182.115 181.177 180.395 179.672 178.98 178.441 180.852 205.927 228.73 260.644 287.68 310.863 338.509 -9999.0 -9999.0 -9999.0 -9999.0 -9999.0 -9999.0 -9999.0 -9999.0 -9999.0 -9999.0 -9999.0 -9999.0 -9999.0 -9999.0 -9999.0 -9999.0 -9999.0 -9999.0 -9999.0 -9999.0 -9999.0 -9999.0 -9999.0
-9999.0 -9999.0 -9999.0 -9999.0 -9999.0 -9999.0 -9999.0 396.04 393.394 362.536 324.526 291.655 249.365 204.047 195.562 193.937 192.252 190.302 188.11 186.374 185.046 184.037 183.537 183.693 183.94 184.135 184.19 184.159 183.916 183.346 182.541 181.708 180.899 180.09 179.391 178.82 190.376 219.163 257.83 285.054 298.83 324.502 -9999.0 -9999.0 -9999.0 -9999.0 -9999.0 -9999.0 -9999.0 -9999.0 -9999.0 -9999.0 -9999.0 -9999.0 -9999.0 -9999.0 -9999.0 -9999.0 -9999.0 -9999.0 -9999.0 -9999.0 -9999.0 -9999.0 -9999.0 -9999.0 -9999.0
