Examples/_Benchmarking_Model_Data/Test5/dem50.asc
ncols         255
nrows         225
xllcorner     232324.844
yllcorner     829983.063
cellsize      50
nodata_value  -9999.0
[rows 0 to 28 of 225, columns 134 to 200 of 255]
-9999.0 -9999.0 -9999.0 -9999.0 -9999.0 -9999.0 -9999.0 -9999.0 -9999.0 -9999.0 -9999.0 -9999.0 -9999.0 -9999.0 -9999.0 -9999.0 -9999.0 -9999.0 -9999.0 -9999.0 -9999.0 -9999.0 -9999.0 -9999.0 -9999.0 -9999.0 -9999.0 -9999.0 -9999.0 -9999.0 -9999.0 -9999.0 -9999.0 -9999.0 -9999.0 -9999.0 -9999.0 -9999.0 -9999.0 -9999.0 -9999.0 -9999.0 -9999.0 -9999.0 -9999.0 -9999.0 -9999.0 -9999.0 -9999.0 -9999.0 -9999.0 -9999.0 -9999.0 -9999.0 -9999.0 -9999.0 -9999.0 -9999.0 -9999.0 -9999.0 -9999.0 -9999.0 -9999.0 -9999.0 -9999.0 -9999.0 -9999.0
-9999.0 -9999.0 -9999.0 -9999.0 -9999.0 -9999.0 -9999.0 -9999.0 -9999.0 -9999.0 -9999.0 -9999.0 -9999.0 -9999.0 -9999.0 -9999.0 -9999.0 -9999.0 -9999.0 -9999.0 -9999.0 -9999.0 -9999.0 -9999.0 -9999.0 -9999.0 -9999.0 -9999.0 -9999.0 -9999.0 -9999.0 -9999.0 -9999.0 -9999.0 -9999.0 -9999.0 -9999.0 -9999.0 -9999.0 -9999.0 -9999.0 -9999.0 -9999.0 -9999.0 -9999.0 -9999.0 -9999.0 -9999.0 -9999.0 -9999.0 -9999.0 -9999.0 -9999.0 -9999.0 -9999.0 -9999.0 -9999.0 -9999.0 -9999.0 -9999.0 -9999.0 -9999.0 -9999.0 -9999.0 -9999.0 -9999.0 -9999.0
-9999.0 -9999.0 -9999.0 -9999.0 -9999.0 -9999.0 -9999.0 -9999.0 -9999.0 -9999.0 -9999.0 -9999.0 -9999.0 -9999.0 -9999.0 -9999.0 -9999.0 -9999.0 -9999.0 -9999.0 -9999.0 -9999.0 -9999.0 -9999.0 -9999.0 -9999.0 -9999.0 -9999.0 -9999.0 -9999.0 -9999.0 -9999.0 -9999.0 -9999.0 -9999.0 -9999.0 283.279 257.158 258.018 254.039 237.191 -9999.0 -9999.0 -9999.0 -9999.0 -9999.0 -9999.0 -9999.0 -9999.0 -9999.0 -9999.0 -9999.0 -9999.0 -9999.0 -9999.0 -9999.0 -9999.0 -9999.0 -9999.0 -9999.0 -9999.0 -9999.0 -9999.0 -9999.0 -9999.0 -9999.0 -9999.0
-9999.0 -9999.0 -9999.0 -9999.0 -9999.0 -9999.0 -9999.0 -9999.0 -9999.0 -9999.0 -9999.0 -9999.0 -9999.0 -9999.0 -9999.0 -9999.0 -9999.0 -9999.0 -9999.0 -9999.0 -9999.0 -9999.0 -9999.0 -9999.0 -9999.0 -9999.0 -9999.0 -9999.0 -9999.0 -9999.0 -9999.0 -9999.0 -9999.0 294.75 285.37 275.065 263.95 243.511 235.237 221.59 220.926 243.057 257.728 -9999.0 -9999.0 -9999.0 -9999.0 -9999.0 -9999.0 -9999.0 -9999.0 -9999.0 -9999.0 -9999.0 -9999.0 -9999.0 -9999.0 -9999.0 -9999.0 -9999.0 -9999.0 -9999.0 -9999.0 -9999.0 -9999.0 -9999.0 -9999.0
274.822 303.324 291.725 -9999.0 -9999.0 -9999.0 -9999.0 -9999.0 -9999.0 -9999.0 -9999.0 -9999.0 -9999.0 -9999.0 -9999.0 -9999.0 -9999.0 -9999.0 -9999.0 -9999.0 -9999.0 -9999.0 -9999.0 -9999.0 -9999.0 -9999.0 -9999.0 -9999.0 -9999.0 -9999.0 -9999.0 325.291 291.752 262.895 255.512 250.123 238.911 223.759 212.684 201.929 217.072 235.394 251.311 256.994 -9999.0 -9999.0 -9999.0 -9999.0 -9999.0 -9999.0 -9999.0 -9999.0 323.928 329.493 334.319 342.128 353.406 368.14 -9999.0 -9999.0 -9999.0 -9999.0 -9999.0 -9999.0 -9999.0 -9999.0 -9999.0
227.151 253.836 257.267 255.837 292.385 326.495 -9999.0 -9999.0 -9999.0 -9999.0 -9999.0 -9999.0 -9999.0 -9999.0 -9999.0 -9999.0 -9999.0 -9999.0 -9999.0 -9999.0 -9999.0 -9999.0 -9999.0 -9999.0 -9999.0 -9999.0 -9999.0 -9999.0 -9999.0 366.682 324.268 295.144 270.949 236.773 226.987 220.523 208.78 199.334 193.608 183.881 192.913 215.419 234.553 241.635 239.857 240.435 249.342 258.498 267.12 272.986 277.105 282.611 288.954 293.12 295.664 301.784 305.223 315.341 328.426 344.257 358.002 373.052 -9999.0 -9999.0 -9999.0 -9999.0 -9999.0
212.989 215.701 234.925 235.276 247.962 280.188 285.234 303.555 327.257 331.4 -9999.0 -9999.0 -9999.0 -9999.0 -9999.0 -9999.0 -9999.0 -9999.0 -9999.0 -9999.0 -9999.0 -9999.0 -9999.0 -9999.0 -9999.0 -9999.0 -9999.0 324.799 325.893 317.671 291.428 269.421 246.328 206.603 196.684 191.951 186.863 183.756 182.943 180.508 179.426 191.408 212.418 220.871 220.043 223.275 226.233 232.373 239.403 240.884 240.724 242.006 244.922 247.653 249.455 246.438 254.934 263.981 281.212 294.695 307.076 326.226 344.793 356.802 365.775 381.799 387.129
205.622 215.763 215.884 213.235 225.659 248.318 269.206 283.033 300.28 309.171 312.723 320.422 322.896 -9999.0 -9999.0 -9999.0 -9999.0 -9999.0 -9999.0 -9999.0 -9999.0 -9999.0 -9999.0 -9999.0 -9999.0 310.636 304.844 292.44 292.397 278.133 256.462 237.695 205.493 183.393 174.83 172.047 173.568 173.74 173.876 174.947 177.952 180.571 191.682 203.558 202.53 196.598 197.712 197.567 200.088 200.08 200.287 195.777 191.076 191.646 192.283 194.796 201.163 213.993 228.496 245.926 260.718 278.66 295.27 297.067 323.294 358.35 366.221
192.545 213.528 213.985 208.869 208.439 231.052 249.705 263.309 269.652 278.996 277.988 297.087 292.405 281.122 304.93 312.774 312.504 -9999.0 -9999.0 -9999.0 -9999.0 -9999.0 -9999.0 -9999.0 283.94 284.069 277.902 269.132 264.708 243.769 219.085 198.658 175.654 165.349 161.918 164.364 166.06 166.24 167.33 168.87 170.758 173.263 177.753 178.73 177.214 172.29 165.493 163.004 154.293 151.428 150.936 150.361 149.748 149.478 149.427 151.162 155.911 167.057 182.408 199.271 217.143 230.227 244.011 245.645 251.983 269.249 286.605
179.856 189.2 196.266 196.188 198.876 217.1 230.032 240.533 241.666 243.722 244.812 248.216 250.186 260.499 273.353 285.28 293.347 294.007 291.717 292.038 -9999.0 -9999.0 272.829 267.221 260.542 257.693 251.78 244.839 228.773 200.412 186.82 173.435 158.611 155.825 156.223 161.03 160.698 162.05 163.532 165.118 166.041 170.203 171.602 171.692 169.222 161.37 152.749 148.208 147.587 147.313 147.047 146.723 146.457 146.25 146.125 146.086 146.199 146.34 147.594 154.832 167.565 179.66 190.619 194.023 200.967 209.358 225.791
177.292 177.585 182.912 183.901 184.733 200.498 215.204 221.547 218.851 216.553 216.064 218.917 226.264 234.045 235.835 252.632 267.393 270.582 268.042 267.893 267.374 259.749 251.757 246.09 240.65 231.001 221.637 209.374 188.36 174.005 164.251 152.417 148.923 149.826 153.965 155.371 156.653 159.006 160.851 161.996 163.801 165.482 165.81 165.81 164.649 155.594 155.028 148.048 147.571 147.293 147.004 146.641 146.277 146.066 145.965 145.937 146.023 146.133 146.332 146.395 146.383 146.305 149.517 154.555 159.069 163.79 173.528
176.866 176.526 176.319 176.022 175.369 177.44 188.043 198.134 198.333 195.738 197.294 203.578 207.302 205.864 210.358 221.532 236.062 244.355 244.085 245.961 245.555 239.059 230.985 222.532 212.918 203.007 198.497 188.661 172.493 155.837 149.048 148.525 148.27 148.442 148.908 152.116 153.906 156.345 158.197 159.014 159.69 160.116 160.339 160.679 160.464 154.992 156.247 148.036 147.551 147.27 146.961 146.555 146.117 145.871 145.797 145.777 145.844 145.965 146.152 146.184 146.117 145.969 145.715 145.359 144.945 144.581 144.296
176.671 176.338 176.01 175.408 174.556 173.638 172.524 172.11 173.826 175.279 176.819 176.944 176.823 180.223 188.211 201.921 216.658 227.331 227.292 227.964 226.225 219.624 211.23 201.929 188.997 182.513 183.396 166.76 150.768 148.954 148.294 147.899 147.751 147.938 148.267 149.005 153.203 155.317 155.715 156.278 156.36 156.317 156.067 156.317 156.278 155.524 155.524 147.911 147.462 147.145 146.813 146.402 145.965 145.679 145.609 145.601 145.636 145.758 145.941 145.969 145.879 145.679 145.398 145.074 144.749 144.48 144.265
176.589 176.315 175.893 175.029 173.99 172.989 171.918 171.035 170.597 169.937 169.105 168.659 168.44 168.221 167.748 175.135 196.95 213.305 213.883 209.96 208.83 201.71 190.056 180.782 173.548 164.376 155.203 150.967 149.357 148.212 147.571 147.25 147.247 147.473 147.891 148.556 149.357 153.621 154.391 154.742 155.024 154.824 154.008 153.503 153.12 151.182 148.755 147.856 147.352 146.985 146.672 146.316 145.922 145.664 145.543 145.515 145.523 145.586 145.672 145.664 145.523 145.285 145.058 144.859 144.644 144.409 144.198
176.37 176.12 175.682 174.728 173.626 172.606 171.684 171.012 170.437 169.562 168.757 168.401 168.514 168.401 167.436 165.794 168.03 182.658 189.024 188.833 188.93 184.983 178.355 169.648 158.103 153.058 151.702 150.287 148.806 147.614 146.887 146.5 146.66 147.106 147.712 148.321 148.814 149.165 149.881 151.334 152.429 153.312 152.874 151.417 149.576 148.669 148.27 147.696 147.176 146.813 146.5 146.203 145.89 145.707 145.656 145.633 145.597 145.574 145.539 145.421 145.203 144.925 144.745 144.613 144.421 144.159 143.96
176.073 175.748 175.295 174.377 173.329 172.348 171.528 170.937 170.351 169.316 168.553 168.401 168.667 168.573 167.53 165.615 163.766 162.547 161.308 159.635 161.116 162.043 160.851 154.394 152.948 151.885 150.819 149.65 148.337 147.09 146.211 145.863 146.246 146.903 147.512 147.966 148.294 148.513 148.681 148.755 148.759 148.747 148.724 148.575 148.325 148.016 147.688 147.266 146.813 146.445 146.148 145.933 145.773 145.797 145.933 145.969 145.945 145.84 145.668 145.398 145.16 144.851 144.628 144.491 144.253 143.96 143.831
185.855 177.624 175.357 174.506 173.439 172.301 171.293 170.691 170.05 169.003 168.241 168.104 168.331 168.233 167.26 165.482 163.836 162.598 161.109 159.221 157.435 155.852 154.504 153.288 152.175 151.108 150.15 149.079 147.782 146.563 145.75 145.722 146.148 146.668 147.141 147.497 147.739 147.88 147.958 147.989 148.04 148.102 148.091 147.946 147.676 147.379 147.043 146.688 146.32 146 145.804 145.82 145.965 146.082 146.156 146.199 146.199 146.117 145.883 145.531 145.16 144.816 144.624 144.546 144.331 144.069 143.991
209.792 199.795 186.636 178.429 175.252 175.221 171.469 170.891 173.654 175.107 172.817 170.187 168.792 167.362 166.447 165.056 163.879 162.777 161.331 159.221 157.474 155.938 154.578 153.218 151.932 150.776 149.638 148.493 147.266 146.41 146.012 146.086 146.336 146.52 146.754 146.981 147.137 147.219 147.25 147.274 147.379 147.481 147.485 147.383 147.118 146.793 146.418 146.141 145.918 145.722 145.773 145.973 146.148 146.262 146.34 146.395 146.406 146.367 146.109 149.333 151.694 150.037 144.734 144.597 144.499 144.358 144.386
229.16 213.84 200.342 198.478 212.129 214.137 202.284 197.638 201.628 214.806 210.268 186.281 176.975 170.078 166.302 165.279 164.282 162.984 161.488 159.452 157.763 156.165 154.734 153.386 152.014 150.678 149.373 148.321 147.454 146.813 146.516 146.504 146.524 146.516 146.524 146.531 146.535 146.524 146.492 146.484 146.625 146.801 146.848 146.797 146.555 146.27 145.992 145.851 145.75 145.648 145.777 146.066 146.309 146.465 146.586 146.664 159.248 193.483 233.553 255.88 258.744 245.805 200.287 150.674 144.984 145.066 145.089
247.919 232.502 222.04 242.248 246.145 238.481 229.5 232.314 235.198 250.706 250.874 231.31 202.792 189.255 176.889 166.158 165.153 163.793 162.015 159.905 158.228 156.579 154.985 153.628 152.3 151.034 149.873 148.95 148.177 147.493 147.012 146.84 146.696 146.52 146.383 146.211 146.051 145.902 145.754 145.683 145.851 146.105 146.273 146.281 146.156 145.984 145.851 145.722 145.57 145.511 145.773 146.199 146.582 147.336 156.294 192.197 256.658 306.677 330.962 339.638 336.687 300.663 245.641 184.037 146.551 145.777 145.789
259.854 257.381 272.505 285.777 283.049 265.443 255.016 259.253 267.499 282.181 284.933 272.118 249.58 224.764 196.391 172.465 166.072 164.36 162.488 160.534 158.943 157.369 155.762 154.308 152.984 151.803 150.74 149.845 149.04 148.185 147.438 147.028 146.723 146.445 146.125 145.781 145.488 145.308 145.156 145.171 145.492 145.89 146.176 146.254 146.227 146.07 145.867 145.633 145.429 147.055 153.922 166.15 184.006 205.872 233.846 284.526 337.055 360.75 377.316 381.083 369.086 333.424 259.913 192.158 155.387 146.391 146.32
-9999.0 -9999.0 -9999.0 -9999.0 -9999.0 -9999.0 -9999.0 -9999.0 -9999.0 -9999.0 328.484 315.138 277.929 232.337 194.624 178.414 168.428 166.256 162.555 160.714 159.276 157.877 156.454 155 153.699 152.597 151.569 150.658 149.748 148.7 147.7 147.032 146.637 146.191 145.726 145.285 144.964 144.855 145.07 145.437 145.828 146.16 146.391 146.461 146.445 146.316 146.137 153.128 175.623 198.861 216.592 239.102 267.256 298.888 334.694 369.996 -9999.0 -9999.0 -9999.0 -9999.0 -9999.0 340.107 260.464 191.682 168.655 149.357 146.938
-9999.0 -9999.0 -9999.0 -9999.0 -9999.0 -9999.0 -9999.0 -9999.0 -9999.0 -9999.0 -9999.0 329.52 283.135 245.066 201.714 178.929 177.495 175.357 165.396 160.706 159.346 158.041 156.778 155.348 153.972 152.847 151.905 151.022 150.025 148.872 147.743 146.922 146.348 145.765 145.257 144.886 144.757 144.984 145.32 145.707 146.094 146.442 146.739 146.91 147.563 158.697 186.046 216.693 246.254 275.162 302.097 331.763 359.042 372.306 -9999.0 -9999.0 -9999.0 -9999.0 -9999.0 -9999.0 -9999.0 -9999.0 255.641 205.512 200.021 184.26 147.798
-9999.0 -9999.0 -9999.0 -9999.0 -9999.0 -9999.0 -9999.0 -9999.0 -9999.0 -9999.0 -9999.0 -9999.0 290.674 255.727 215.255 195.734 191.865 176.053 167.909 160.53 159.256 157.982 156.774 155.371 153.972 152.835 151.917 151.03 150.025 148.841 147.657 146.684 146.004 145.414 144.968 144.738 144.843 145.136 145.531 145.969 146.402 146.805 151.127 167.721 194.886 213.481 245.906 285.507 319.719 353.27 370.883 377.128 -9999.0 -9999.0 -9999.0 -9999.0 -9999.0 -9999.0 -9999.0 -9999.0 -9999.0 -9999.0 274.779 245.985 240.607 222.896 159.198
-9999.0 -9999.0 -9999.0 -9999.0 -9999.0 -9999.0 -9999.0 -9999.0 -9999.0 -9999.0 -9999.0 -9999.0 -9999.0 276.749 269.308 256.572 223.368 177.831 167.686 159.901 158.627 157.427 156.337 155.055 153.687 152.569 151.674 150.783 149.799 148.591 147.383 146.391 145.746 145.253 144.87 144.702 144.941 145.316 145.793 146.32 153.679 180.649 201.643 215.697 236.66 267.381 312.707 352.933 376.882 -9999.0 -9999.0 -9999.0 -9999.0 -9999.0 -9999.0 -9999.0 -9999.0 -9999.0 -9999.0 -9999.0 -9999.0 -9999.0 -9999.0 301.444 272.814 223.056 170.785
-9999.0 -9999.0 -9999.0 -9999.0 -9999.0 -9999.0 -9999.0 -9999.0 -9999.0 -9999.0 -9999.0 -9999.0 -9999.0 -9999.0 317.608 274.392 225.772 181.778 164.161 158.584 157.372 156.309 155.375 154.191 153.007 151.952 151.131 150.275 149.341 148.181 147.098 146.23 145.66 145.167 144.8 144.874 145.14 146.664 161.703 194.437 218.769 233.885 246.508 264.294 298.306 349.432 376.773 -9999.0 -9999.0 -9999.0 -9999.0 -9999.0 -9999.0 -9999.0 -9999.0 -9999.0 -9999.0 -9999.0 -9999.0 -9999.0 -9999.0 -9999.0 -9999.0 324.295 277.492 220.105 181.993
-9999.0 -9999.0 -9999.0 -9999.0 -9999.0 -9999.0 -9999.0 -9999.0 -9999.0 -9999.0 -9999.0 -9999.0 -9999.0 -9999.0 -9999.0 281.603 229.066 191.463 171.864 157.603 155.903 154.996 154.113 153.027 151.917 151.057 150.338 149.588 148.696 147.774 147.153 146.524 145.984 145.48 145.128 148.13 170.539 220.562 243.362 247.946 266.959 283.756 300.182 322.771 -9999.0 -9999.0 -9999.0 -9999.0 -9999.0 -9999.0 -9999.0 -9999.0 -9999.0 -9999.0 -9999.0 -9999.0 -9999.0 -9999.0 -9999.0 -9999.0 -9999.0 -9999.0 -9999.0 -9999.0 279.332 236.511 200.307
-9999.0 -9999.0 -9999.0 -9999.0 -9999.0 -9999.0 -9999.0 -9999.0 -9999.0 -9999.0 -9999.0 -9999.0 -9999.0 -9999.0 -9999.0 282.342 232.38 195.269 173.341 156.778 154.879 153.976 153.019 151.893 150.803 150.068 149.517 148.927 148.247 147.719 147.207 146.731 146.281 147.27 165.615 206.048 259.647 289.486 298.107 314.626 331.994 -9999.0 -9999.0 -9999.0 -9999.0 -9999.0 -9999.0 -9999.0 -9999.0 -9999.0 -9999.0 -9999.0 -9999.0 -9999.0 -9999.0 -9999.0 -9999.0 -9999.0 -9999.0 -9999.0 -9999.0 -9999.0 -9999.0 -9999.0 287.637 250.252 213.575
-9999.0 -9999.0 -9999.0 -9999.0 -9999.0 -9999.0 -9999.0 -9999.0 -9999.0 -9999.0 -9999.0 -9999.0 -9999.0 -9999.0 328.559 273.974 230.798 193.143 170.691 155.977 154.191 153.203 152.12 150.893 149.767 149.115 148.751 148.399 148.059 147.739 147.395 147.016 149.244 182.732 218.276 263.548 311.488 339.478 -9999.0 -9999.0 -9999.0 -9999.0 -9999.0 -9999.0 -9999.0 -9999.0 -9999.0 -9999.0 -9999.0 -9999.0 -9999.0 -9999.0 -9999.0 -9999.0 -9999.0 -9999.0 -9999.0 -9999.0 -9999.0 -9999.0 -9999.0 -9999.0 -9999.0 -9999.0 -9999.0 272.024 246.25
