Examples/_Benchmarking_Model_Data/Test2/dem20.asc
ncols         100
nrows         100
xllcorner     -0.004
yllcorner     -0.003
cellsize      20
nodata_value  -9999.0
[rows 0 to 33 of 100, columns 0 to 77 of 100]
10.122 10.11 10.094 10.075 10.053 10.029 10.004 9.978 9.953 9.93 9.909 9.891 9.877 9.868 9.861 9.859 9.862 9.867 9.872 9.878 9.882 9.885 9.885 9.884 9.88 9.872 9.86 9.844 9.825 9.803 9.779 9.754 9.728 9.703 9.68 9.659 9.641 9.627 9.618 9.611 9.609 9.612 9.617 9.622 9.628 9.632 9.635 9.635 9.634 9.63 9.622 9.61 9.594 9.575 9.553 9.529 9.504 9.478 9.453 9.43 9.409 9.391 9.377 9.368 9.361 9.359 9.362 9.367 9.372 9.378 9.382 9.385 9.385 9.384 9.38 9.372 9.36 9.344
10.106 10.094 10.078 10.058 10.035 10.01 9.984 9.957 9.931 9.907 9.885 9.867 9.853 9.843 9.837 9.836 9.84 9.846 9.852 9.859 9.864 9.868 9.868 9.868 9.864 9.856 9.844 9.828 9.808 9.785 9.76 9.734 9.707 9.681 9.657 9.635 9.617 9.603 9.593 9.587 9.586 9.59 9.596 9.602 9.609 9.614 9.618 9.618 9.618 9.614 9.606 9.594 9.578 9.558 9.535 9.51 9.484 9.457 9.431 9.407 9.385 9.367 9.353 9.343 9.337 9.336 9.34 9.346 9.352 9.359 9.364 9.368 9.368 9.368 9.364 9.356 9.344 9.328
10.086 10.074 10.057 10.036 10.011 9.983 9.955 9.926 9.897 9.871 9.848 9.829 9.814 9.804 9.799 9.8 9.806 9.814 9.823 9.832 9.84 9.845 9.847 9.847 9.844 9.836 9.824 9.807 9.786 9.761 9.733 9.705 9.676 9.647 9.621 9.598 9.579 9.564 9.554 9.549 9.55 9.556 9.564 9.573 9.582 9.59 9.595 9.597 9.597 9.594 9.586 9.574 9.557 9.536 9.511 9.483 9.455 9.426 9.397 9.371 9.348 9.329 9.314 9.304 9.299 9.3 9.306 9.314 9.323 9.332 9.34 9.345 9.347 9.347 9.344 9.336 9.324 9.307
10.063 10.05 10.032 10.009 9.981 9.95 9.918 9.885 9.853 9.824 9.798 9.777 9.762 9.752 9.748 9.752 9.761 9.772 9.785 9.798 9.809 9.817 9.822 9.822 9.82 9.813 9.8 9.782 9.759 9.731 9.7 9.668 9.635 9.603 9.574 9.548 9.527 9.512 9.502 9.498 9.502 9.511 9.522 9.535 9.548 9.559 9.567 9.572 9.572 9.57 9.563 9.55 9.532 9.509 9.481 9.45 9.418 9.385 9.353 9.324 9.298 9.277 9.262 9.252 9.248 9.252 9.261 9.272 9.285 9.298 9.309 9.317 9.322 9.322 9.32 9.313 9.3 9.282
10.037 10.024 10.004 9.977 9.946 9.911 9.874 9.837 9.8 9.767 9.738 9.715 9.698 9.688 9.687 9.695 9.707 9.723 9.741 9.758 9.774 9.786 9.793 9.795 9.794 9.787 9.774 9.754 9.727 9.696 9.661 9.624 9.587 9.55 9.517 9.488 9.465 9.448 9.438 9.437 9.445 9.457 9.473 9.491 9.508 9.524 9.536 9.543 9.545 9.544 9.537 9.524 9.504 9.477 9.446 9.411 9.374 9.337 9.3 9.267 9.238 9.215 9.198 9.188 9.187 9.195 9.207 9.223 9.241 9.258 9.274 9.286 9.293 9.295 9.294 9.287 9.274 9.254
10.009 9.995 9.973 9.944 9.908 9.868 9.826 9.783 9.742 9.704 9.671 9.645 9.627 9.617 9.619 9.631 9.648 9.668 9.691 9.714 9.735 9.751 9.762 9.766 9.765 9.759 9.745 9.723 9.694 9.658 9.618 9.576 9.533 9.492 9.454 9.421 9.395 9.377 9.367 9.369 9.381 9.398 9.418 9.441 9.464 9.485 9.501 9.512 9.516 9.515 9.509 9.495 9.473 9.444 9.408 9.368 9.326 9.283 9.242 9.204 9.171 9.145 9.127 9.117 9.119 9.131 9.148 9.168 9.191 9.214 9.235 9.251 9.262 9.266 9.265 9.259 9.245 9.223
9.981 9.966 9.941 9.909 9.869 9.823 9.775 9.726 9.679 9.637 9.6 9.571 9.552 9.542 9.548 9.563 9.585 9.611 9.639 9.668 9.694 9.715 9.729 9.736 9.736 9.731 9.716 9.691 9.659 9.619 9.573 9.525 9.476 9.429 9.387 9.35 9.321 9.302 9.292 9.298 9.313 9.335 9.361 9.389 9.418 9.444 9.465 9.479 9.486 9.486 9.481 9.466 9.441 9.409 9.369 9.323 9.275 9.226 9.179 9.137 9.1 9.071 9.052 9.042 9.048 9.063 9.085 9.111 9.139 9.168 9.194 9.215 9.229 9.236 9.236 9.231 9.216 9.191
9.952 9.936 9.91 9.873 9.829 9.778 9.724 9.67 9.617 9.57 9.529 9.497 9.476 9.466 9.476 9.495 9.521 9.553 9.587 9.622 9.653 9.679 9.697 9.706 9.706 9.702 9.686 9.66 9.623 9.579 9.528 9.474 9.42 9.367 9.32 9.279 9.247 9.226 9.216 9.226 9.245 9.271 9.303 9.337 9.372 9.403 9.429 9.447 9.456 9.456 9.452 9.436 9.41 9.373 9.329 9.278 9.224 9.17 9.117 9.07 9.029 8.997 8.976 8.966 8.976 8.995 9.021 9.053 9.087 9.122 9.153 9.179 9.197 9.206 9.206 9.202 9.186 9.16
9.924 9.908 9.879 9.839 9.791 9.735 9.676 9.616 9.558 9.506 9.461 9.427 9.405 9.396 9.408 9.43 9.461 9.498 9.538 9.578 9.614 9.644 9.666 9.677 9.678 9.674 9.658 9.629 9.589 9.541 9.485 9.426 9.366 9.308 9.256 9.211 9.177 9.155 9.146 9.158 9.18 9.211 9.248 9.288 9.328 9.364 9.394 9.416 9.427 9.428 9.424 9.408 9.379 9.339 9.291 9.235 9.176 9.116 9.058 9.006 8.961 8.927 8.905 8.896 8.908 8.93 8.961 8.998 9.038 9.078 9.114 9.144 9.166 9.177 9.178 9.174 9.158 9.129
9.898 9.881 9.851 9.808 9.756 9.696 9.632 9.567 9.505 9.448 9.4 9.364 9.34 9.332 9.346 9.372 9.407 9.448 9.493 9.537 9.578 9.612 9.637 9.65 9.651 9.648 9.631 9.601 9.558 9.506 9.446 9.382 9.317 9.255 9.198 9.15 9.114 9.09 9.082 9.096 9.122 9.157 9.198 9.243 9.287 9.328 9.362 9.387 9.4 9.401 9.398 9.381 9.351 9.308 9.256 9.196 9.132 9.067 9.005 8.948 8.9 8.864 8.84 8.832 8.846 8.872 8.907 8.948 8.993 9.037 9.078 9.112 9.137 9.15 9.151 9.148 9.131 9.101
9.874 9.857 9.825 9.781 9.725 9.662 9.594 9.525 9.459 9.4 9.349 9.311 9.286 9.279 9.295 9.323 9.361 9.406 9.454 9.503 9.547 9.584 9.611 9.626 9.627 9.624 9.607 9.575 9.531 9.475 9.412 9.344 9.275 9.209 9.15 9.099 9.061 9.036 9.029 9.045 9.073 9.111 9.156 9.204 9.253 9.297 9.334 9.361 9.376 9.377 9.374 9.357 9.325 9.281 9.225 9.162 9.094 9.025 8.959 8.9 8.849 8.811 8.786 8.779 8.795 8.823 8.861 8.906 8.954 9.003 9.047 9.084 9.111 9.126 9.127 9.124 9.107 9.075
9.854 9.836 9.804 9.758 9.7 9.635 9.564 9.493 9.425 9.363 9.311 9.271 9.246 9.239 9.256 9.285 9.326 9.373 9.424 9.475 9.522 9.561 9.59 9.605 9.607 9.604 9.586 9.554 9.508 9.45 9.385 9.314 9.243 9.175 9.113 9.061 9.021 8.996 8.989 9.006 9.035 9.076 9.123 9.174 9.225 9.272 9.311 9.34 9.355 9.357 9.354 9.336 9.304 9.258 9.2 9.135 9.064 8.993 8.925 8.863 8.811 8.771 8.746 8.739 8.756 8.785 8.826 8.873 8.924 8.975 9.022 9.061 9.09 9.105 9.107 9.104 9.086 9.054
9.837 9.82 9.787 9.74 9.682 9.615 9.543 9.471 9.401 9.339 9.286 9.246 9.22 9.213 9.231 9.261 9.302 9.351 9.403 9.455 9.503 9.543 9.572 9.588 9.591 9.587 9.57 9.537 9.49 9.432 9.365 9.293 9.221 9.151 9.089 9.036 8.996 8.97 8.963 8.981 9.011 9.052 9.101 9.153 9.205 9.253 9.293 9.322 9.338 9.341 9.337 9.32 9.287 9.24 9.182 9.115 9.043 8.971 8.901 8.839 8.786 8.746 8.72 8.713 8.731 8.761 8.802 8.851 8.903 8.955 9.003 9.043 9.072 9.088 9.091 9.087 9.07 9.037
9.825 9.807 9.774 9.728 9.67 9.603 9.532 9.46 9.391 9.329 9.277 9.238 9.213 9.206 9.222 9.252 9.292 9.34 9.392 9.443 9.491 9.531 9.56 9.576 9.578 9.575 9.557 9.524 9.478 9.42 9.353 9.282 9.21 9.141 9.079 9.027 8.988 8.963 8.956 8.972 9.002 9.042 9.09 9.142 9.193 9.241 9.281 9.31 9.326 9.328 9.325 9.307 9.274 9.228 9.17 9.103 9.032 8.96 8.891 8.829 8.777 8.738 8.713 8.706 8.722 8.752 8.792 8.84 8.892 8.943 8.991 9.031 9.06 9.076 9.078 9.075 9.057 9.024
9.816 9.799 9.766 9.721 9.664 9.602 9.534 9.466 9.401 9.342 9.292 9.254 9.23 9.222 9.238 9.265 9.303 9.347 9.395 9.442 9.486 9.524 9.552 9.567 9.57 9.566 9.549 9.516 9.471 9.414 9.352 9.284 9.216 9.151 9.092 9.042 9.004 8.98 8.972 8.988 9.015 9.053 9.097 9.145 9.192 9.236 9.274 9.302 9.317 9.32 9.316 9.299 9.266 9.221 9.164 9.102 9.034 8.966 8.901 8.842 8.792 8.754 8.73 8.722 8.738 8.765 8.803 8.847 8.895 8.942 8.986 9.024 9.052 9.067 9.07 9.066 9.049 9.016
9.811 9.794 9.763 9.721 9.669 9.61 9.547 9.483 9.421 9.366 9.319 9.283 9.259 9.251 9.264 9.29 9.324 9.364 9.408 9.452 9.492 9.525 9.549 9.563 9.565 9.561 9.544 9.513 9.471 9.419 9.36 9.297 9.233 9.171 9.116 9.069 9.033 9.009 9.001 9.014 9.04 9.074 9.114 9.158 9.202 9.242 9.275 9.299 9.313 9.315 9.311 9.294 9.263 9.221 9.169 9.11 9.047 8.983 8.921 8.866 8.819 8.783 8.759 8.751 8.764 8.79 8.824 8.864 8.908 8.952 8.992 9.025 9.049 9.063 9.065 9.061 9.044 9.013
9.809 9.793 9.765 9.726 9.678 9.624 9.565 9.506 9.45 9.398 9.354 9.321 9.299 9.289 9.301 9.323 9.353 9.389 9.427 9.466 9.502 9.531 9.552 9.562 9.563 9.559 9.543 9.515 9.476 9.428 9.374 9.315 9.256 9.2 9.148 9.104 9.071 9.049 9.039 9.051 9.073 9.103 9.139 9.177 9.216 9.252 9.281 9.302 9.312 9.313 9.309 9.293 9.265 9.226 9.178 9.124 9.065 9.006 8.95 8.898 8.854 8.821 8.799 8.789 8.801 8.823 8.853 8.889 8.927 8.966 9.002 9.031 9.052 9.062 9.063 9.059 9.043 9.015
9.811 9.795 9.769 9.734 9.69 9.641 9.588 9.534 9.483 9.436 9.396 9.365 9.344 9.335 9.343 9.362 9.387 9.418 9.451 9.484 9.515 9.54 9.557 9.565 9.565 9.561 9.545 9.519 9.484 9.44 9.391 9.338 9.284 9.233 9.186 9.146 9.115 9.094 9.085 9.093 9.112 9.137 9.168 9.201 9.234 9.265 9.29 9.307 9.315 9.315 9.311 9.295 9.269 9.234 9.19 9.141 9.088 9.034 8.983 8.936 8.896 8.865 8.844 8.835 8.843 8.862 8.887 8.918 8.951 8.984 9.015 9.04 9.057 9.065 9.065 9.061 9.045 9.019
9.813 9.798 9.774 9.742 9.703 9.659 9.612 9.565 9.519 9.477 9.441 9.413 9.394 9.384 9.389 9.403 9.424 9.449 9.477 9.504 9.529 9.549 9.563 9.568 9.568 9.563 9.548 9.524 9.492 9.453 9.409 9.362 9.315 9.269 9.227 9.191 9.163 9.144 9.134 9.139 9.153 9.174 9.199 9.227 9.254 9.279 9.299 9.313 9.318 9.318 9.313 9.298 9.274 9.242 9.203 9.159 9.112 9.065 9.019 8.977 8.941 8.913 8.894 8.884 8.889 8.903 8.924 8.949 8.977 9.004 9.029 9.049 9.063 9.068 9.068 9.063 9.048 9.024
9.815 9.801 9.779 9.751 9.716 9.677 9.636 9.594 9.554 9.517 9.485 9.46 9.442 9.432 9.433 9.444 9.46 9.48 9.502 9.523 9.543 9.558 9.568 9.571 9.571 9.565 9.551 9.529 9.501 9.466 9.427 9.386 9.344 9.304 9.267 9.235 9.21 9.192 9.182 9.183 9.194 9.21 9.23 9.252 9.273 9.293 9.308 9.318 9.321 9.321 9.315 9.301 9.279 9.251 9.216 9.177 9.136 9.094 9.054 9.017 8.985 8.96 8.942 8.932 8.933 8.944 8.96 8.98 9.002 9.023 9.043 9.058 9.068 9.071 9.071 9.065 9.051 9.029
9.816 9.803 9.783 9.757 9.727 9.693 9.657 9.62 9.585 9.552 9.524 9.501 9.485 9.475 9.473 9.48 9.492 9.507 9.523 9.54 9.554 9.566 9.572 9.574 9.573 9.566 9.553 9.533 9.507 9.477 9.443 9.407 9.37 9.335 9.302 9.274 9.251 9.235 9.225 9.223 9.23 9.242 9.257 9.273 9.29 9.304 9.316 9.322 9.324 9.323 9.316 9.303 9.283 9.257 9.227 9.193 9.157 9.12 9.085 9.052 9.024 9.001 8.985 8.975 8.973 8.98 8.992 9.007 9.023 9.04 9.054 9.066 9.072 9.074 9.073 9.066 9.053 9.033
9.816 9.803 9.784 9.761 9.734 9.704 9.672 9.64 9.609 9.581 9.556 9.535 9.52 9.51 9.505 9.509 9.517 9.528 9.54 9.552 9.562 9.57 9.574 9.574 9.573 9.566 9.553 9.534 9.511 9.484 9.454 9.422 9.39 9.359 9.331 9.306 9.285 9.27 9.26 9.255 9.259 9.267 9.278 9.29 9.302 9.312 9.32 9.324 9.324 9.323 9.316 9.303 9.284 9.261 9.234 9.204 9.172 9.14 9.109 9.081 9.056 9.035 9.02 9.01 9.005 9.009 9.017 9.028 9.04 9.052 9.062 9.07 9.074 9.074 9.073 9.066 9.053 9.034
9.814 9.802 9.784 9.761 9.736 9.709 9.681 9.653 9.625 9.599 9.577 9.558 9.543 9.533 9.528 9.528 9.534 9.541 9.55 9.558 9.565 9.571 9.574 9.574 9.571 9.564 9.552 9.534 9.511 9.486 9.459 9.431 9.403 9.375 9.349 9.327 9.308 9.293 9.283 9.278 9.278 9.284 9.291 9.3 9.308 9.315 9.321 9.324 9.324 9.321 9.314 9.302 9.284 9.261 9.236 9.209 9.181 9.153 9.125 9.099 9.077 9.058 9.043 9.033 9.028 9.028 9.034 9.041 9.05 9.058 9.065 9.071 9.074 9.074 9.071 9.064 9.052 9.034
9.809 9.797 9.781 9.76 9.736 9.71 9.683 9.656 9.63 9.606 9.585 9.567 9.553 9.543 9.537 9.535 9.539 9.544 9.551 9.558 9.565 9.569 9.571 9.571 9.567 9.559 9.547 9.531 9.51 9.486 9.46 9.433 9.406 9.38 9.356 9.335 9.317 9.303 9.293 9.287 9.285 9.289 9.294 9.301 9.308 9.315 9.319 9.321 9.321 9.317 9.309 9.297 9.281 9.26 9.236 9.21 9.183 9.156 9.13 9.106 9.085 9.067 9.053 9.043 9.037 9.035 9.039 9.044 9.051 9.058 9.065 9.069 9.071 9.071 9.067 9.059 9.047 9.031
9.801 9.789 9.773 9.754 9.731 9.707 9.681 9.655 9.629 9.606 9.585 9.567 9.553 9.543 9.537 9.535 9.538 9.543 9.55 9.556 9.56 9.563 9.564 9.563 9.559 9.551 9.539 9.523 9.504 9.481 9.457 9.431 9.405 9.379 9.356 9.335 9.317 9.303 9.293 9.287 9.285 9.288 9.293 9.3 9.306 9.31 9.313 9.314 9.313 9.309 9.301 9.289 9.273 9.254 9.231 9.207 9.181 9.155 9.129 9.106 9.085 9.067 9.053 9.043 9.037 9.035 9.038 9.043 9.05 9.056 9.06 9.063 9.064 9.063 9.059 9.051 9.039 9.023
9.789 9.777 9.761 9.742 9.72 9.696 9.67 9.645 9.62 9.596 9.576 9.558 9.544 9.534 9.528 9.526 9.529 9.533 9.539 9.545 9.549 9.552 9.552 9.551 9.547 9.539 9.527 9.511 9.492 9.47 9.446 9.42 9.395 9.37 9.346 9.326 9.308 9.294 9.284 9.278 9.276 9.279 9.283 9.289 9.295 9.299 9.302 9.302 9.301 9.297 9.289 9.277 9.261 9.242 9.22 9.196 9.17 9.145 9.12 9.096 9.076 9.058 9.044 9.034 9.028 9.026 9.029 9.033 9.039 9.045 9.049 9.052 9.052 9.051 9.047 9.039 9.027 9.011
9.773 9.761 9.745 9.725 9.702 9.677 9.65 9.624 9.598 9.574 9.552 9.534 9.52 9.51 9.504 9.503 9.507 9.512 9.519 9.526 9.531 9.534 9.535 9.535 9.531 9.523 9.511 9.495 9.475 9.452 9.427 9.4 9.374 9.348 9.324 9.302 9.284 9.27 9.26 9.254 9.253 9.257 9.262 9.269 9.276 9.281 9.284 9.285 9.285 9.281 9.273 9.261 9.245 9.225 9.202 9.177 9.15 9.124 9.098 9.074 9.052 9.034 9.02 9.01 9.004 9.003 9.007 9.012 9.019 9.026 9.031 9.034 9.035 9.035 9.031 9.023 9.011 8.995
9.753 9.741 9.724 9.702 9.678 9.65 9.621 9.592 9.564 9.538 9.515 9.495 9.481 9.471 9.465 9.467 9.473 9.481 9.49 9.498 9.506 9.512 9.514 9.514 9.511 9.503 9.491 9.474 9.452 9.428 9.4 9.371 9.342 9.314 9.288 9.265 9.245 9.231 9.221 9.215 9.217 9.223 9.231 9.24 9.248 9.256 9.262 9.264 9.264 9.261 9.253 9.241 9.224 9.202 9.178 9.15 9.121 9.092 9.064 9.038 9.015 8.995 8.981 8.971 8.965 8.967 8.973 8.981 8.99 8.998 9.006 9.012 9.014 9.014 9.011 9.003 8.991 8.974
9.73 9.717 9.699 9.675 9.648 9.617 9.584 9.552 9.52 9.491 9.465 9.444 9.428 9.418 9.414 9.419 9.428 9.439 9.452 9.465 9.476 9.484 9.488 9.489 9.487 9.48 9.467 9.449 9.425 9.398 9.367 9.334 9.302 9.27 9.241 9.215 9.194 9.178 9.168 9.164 9.169 9.178 9.189 9.202 9.215 9.226 9.234 9.238 9.239 9.237 9.23 9.217 9.199 9.175 9.148 9.117 9.084 9.052 9.02 8.991 8.965 8.944 8.928 8.918 8.914 8.919 8.928 8.939 8.952 8.965 8.976 8.984 8.988 8.989 8.987 8.98 8.967 8.949
9.704 9.691 9.67 9.644 9.613 9.578 9.541 9.503 9.467 9.434 9.405 9.382 9.365 9.355 9.354 9.362 9.374 9.39 9.407 9.425 9.44 9.452 9.46 9.461 9.46 9.454 9.441 9.42 9.394 9.363 9.328 9.291 9.253 9.217 9.184 9.155 9.132 9.115 9.105 9.104 9.112 9.124 9.14 9.157 9.175 9.19 9.202 9.21 9.211 9.21 9.204 9.191 9.17 9.144 9.113 9.078 9.041 9.003 8.967 8.934 8.905 8.882 8.865 8.855 8.854 8.862 8.874 8.89 8.907 8.925 8.94 8.952 8.96 8.961 8.96 8.954 8.941 8.92
9.676 9.662 9.64 9.611 9.575 9.535 9.493 9.45 9.408 9.37 9.338 9.312 9.294 9.284 9.286 9.297 9.314 9.335 9.358 9.381 9.401 9.418 9.429 9.432 9.432 9.426 9.412 9.39 9.361 9.325 9.285 9.243 9.2 9.158 9.12 9.088 9.062 9.044 9.034 9.036 9.047 9.064 9.085 9.108 9.131 9.151 9.168 9.179 9.182 9.182 9.176 9.162 9.14 9.111 9.075 9.035 8.993 8.95 8.908 8.87 8.838 8.812 8.794 8.784 8.786 8.797 8.814 8.835 8.858 8.881 8.901 8.918 8.929 8.932 8.932 8.926 8.912 8.89
9.647 9.632 9.608 9.575 9.535 9.49 9.442 9.393 9.346 9.303 9.267 9.238 9.218 9.208 9.214 9.229 9.251 9.278 9.306 9.335 9.361 9.382 9.396 9.402 9.403 9.397 9.382 9.358 9.325 9.285 9.24 9.192 9.143 9.096 9.053 9.017 8.988 8.968 8.958 8.964 8.979 9.001 9.028 9.056 9.085 9.111 9.132 9.146 9.152 9.153 9.147 9.132 9.108 9.075 9.035 8.99 8.942 8.893 8.846 8.803 8.767 8.738 8.718 8.708 8.714 8.729 8.751 8.778 8.806 8.835 8.861 8.882 8.896 8.902 8.903 8.897 8.882 8.858
9.618 9.603 9.576 9.54 9.496 9.445 9.391 9.337 9.284 9.236 9.196 9.164 9.143 9.133 9.143 9.161 9.188 9.22 9.254 9.288 9.32 9.346 9.364 9.372 9.373 9.368 9.353 9.326 9.29 9.246 9.195 9.141 9.087 9.034 8.986 8.946 8.914 8.893 8.883 8.893 8.911 8.938 8.97 9.004 9.038 9.07 9.096 9.114 9.122 9.123 9.118 9.103 9.076 9.04 8.996 8.945 8.891 8.837 8.784 8.736 8.696 8.664 8.643 8.633 8.643 8.661 8.688 8.72 8.754 8.788 8.82 8.846 8.864 8.872 8.873 8.868 8.853 8.826
9.59 9.574 9.546 9.506 9.457 9.402 9.343 9.283 9.225 9.172 9.128 9.094 9.071 9.062 9.074 9.097 9.128 9.165 9.205 9.244 9.281 9.311 9.333 9.343 9.344 9.34 9.324 9.296 9.256 9.207 9.152 9.093 9.033 8.975 8.922 8.878 8.844 8.821 8.812 8.824 8.847 8.878 8.915 8.955 8.994 9.031 9.061 9.083 9.093 9.094 9.09 9.074 9.046 9.006 8.957 8.902 8.843 8.783 8.725 8.672 8.628 8.594 8.571 8.562 8.574 8.597 8.628 8.665 8.705 8.744 8.781 8.811 8.833 8.843 8.844 8.84 8.824 8.796
