Examples/_Benchmarking_Model_Data/Test2/dem20.asc
ncols         100
nrows         100
xllcorner     -0.004
yllcorner     -0.003
cellsize      20
nodata_value  -9999.0
[rows 34 to 67 of 100, columns 0 to 77 of 100]
9.564 9.547 9.517 9.475 9.422 9.363 9.299 9.234 9.171 9.115 9.067 9.031 9.007 8.999 9.013 9.038 9.073 9.115 9.16 9.204 9.245 9.279 9.304 9.316 9.318 9.314 9.297 9.267 9.225 9.172 9.113 9.049 8.984 8.921 8.865 8.817 8.781 8.757 8.749 8.763 8.788 8.823 8.865 8.91 8.954 8.995 9.029 9.054 9.066 9.068 9.064 9.047 9.017 8.975 8.922 8.863 8.799 8.734 8.671 8.615 8.567 8.531 8.507 8.499 8.513 8.538 8.573 8.615 8.66 8.704 8.745 8.779 8.804 8.816 8.818 8.814 8.797 8.767
9.541 9.524 9.492 9.447 9.392 9.329 9.261 9.192 9.126 9.066 9.016 8.978 8.953 8.946 8.962 8.99 9.028 9.073 9.121 9.169 9.214 9.251 9.278 9.292 9.294 9.291 9.274 9.242 9.197 9.142 9.079 9.011 8.942 8.876 8.816 8.766 8.728 8.703 8.696 8.712 8.74 8.778 8.823 8.871 8.919 8.964 9.001 9.028 9.042 9.044 9.041 9.024 8.992 8.947 8.892 8.829 8.761 8.692 8.626 8.566 8.516 8.478 8.453 8.446 8.462 8.49 8.528 8.573 8.621 8.669 8.714 8.751 8.778 8.792 8.794 8.791 8.774 8.742
9.521 9.503 9.47 9.424 9.367 9.301 9.231 9.16 9.091 9.03 8.977 8.938 8.913 8.906 8.922 8.952 8.992 9.04 9.091 9.142 9.188 9.228 9.256 9.272 9.274 9.271 9.253 9.22 9.174 9.117 9.051 8.981 8.91 8.841 8.78 8.727 8.688 8.663 8.656 8.672 8.702 8.742 8.79 8.841 8.892 8.938 8.978 9.006 9.022 9.024 9.021 9.003 8.97 8.924 8.867 8.801 8.731 8.66 8.591 8.53 8.477 8.438 8.413 8.406 8.422 8.452 8.492 8.54 8.591 8.642 8.688 8.728 8.756 8.772 8.774 8.771 8.753 8.72
9.504 9.486 9.453 9.406 9.348 9.282 9.21 9.138 9.068 9.005 8.953 8.912 8.887 8.88 8.897 8.928 8.969 9.017 9.07 9.122 9.17 9.21 9.239 9.255 9.257 9.254 9.236 9.203 9.156 9.098 9.032 8.96 8.888 8.818 8.755 8.703 8.662 8.637 8.63 8.647 8.678 8.719 8.767 8.82 8.872 8.92 8.96 8.989 9.005 9.007 9.004 8.986 8.953 8.906 8.848 8.782 8.71 8.638 8.568 8.505 8.453 8.412 8.387 8.38 8.397 8.428 8.469 8.517 8.57 8.622 8.67 8.71 8.739 8.755 8.757 8.754 8.736 8.703
9.492 9.474 9.441 9.394 9.336 9.27 9.199 9.127 9.057 8.996 8.944 8.905 8.88 8.873 8.889 8.919 8.958 9.006 9.058 9.11 9.158 9.198 9.227 9.243 9.245 9.242 9.224 9.191 9.144 9.086 9.02 8.949 8.877 8.807 8.746 8.694 8.655 8.63 8.623 8.639 8.669 8.708 8.756 8.808 8.86 8.908 8.948 8.977 8.993 8.995 8.992 8.974 8.941 8.894 8.836 8.77 8.699 8.627 8.557 8.496 8.444 8.405 8.38 8.373 8.389 8.419 8.458 8.506 8.558 8.61 8.658 8.698 8.727 8.743 8.745 8.742 8.724 8.691
9.483 9.465 9.433 9.387 9.331 9.268 9.201 9.133 9.068 9.009 8.959 8.921 8.896 8.889 8.904 8.932 8.969 9.014 9.061 9.109 9.153 9.191 9.219 9.234 9.236 9.233 9.215 9.183 9.137 9.081 9.018 8.951 8.883 8.818 8.759 8.709 8.671 8.646 8.639 8.654 8.682 8.719 8.764 8.811 8.859 8.903 8.941 8.969 8.984 8.986 8.983 8.965 8.933 8.887 8.831 8.768 8.701 8.633 8.568 8.509 8.459 8.421 8.396 8.389 8.404 8.432 8.469 8.514 8.561 8.609 8.653 8.691 8.719 8.734 8.736 8.733 8.715 8.683
9.478 9.461 9.429 9.387 9.336 9.277 9.214 9.15 9.088 9.032 8.985 8.949 8.926 8.917 8.931 8.956 8.99 9.031 9.075 9.118 9.158 9.192 9.216 9.23 9.231 9.228 9.211 9.179 9.137 9.086 9.027 8.964 8.9 8.838 8.782 8.735 8.699 8.676 8.667 8.681 8.706 8.74 8.781 8.825 8.868 8.908 8.942 8.966 8.98 8.981 8.978 8.961 8.929 8.887 8.836 8.777 8.714 8.65 8.588 8.532 8.485 8.449 8.426 8.417 8.431 8.456 8.49 8.531 8.575 8.618 8.658 8.692 8.716 8.73 8.731 8.728 8.711 8.679
9.476 9.46 9.432 9.393 9.345 9.29 9.232 9.173 9.116 9.065 9.021 8.987 8.965 8.956 8.967 8.989 9.019 9.055 9.094 9.133 9.168 9.198 9.219 9.229 9.23 9.226 9.21 9.182 9.143 9.095 9.04 8.982 8.923 8.866 8.815 8.771 8.737 8.715 8.706 8.717 8.739 8.769 8.805 8.844 8.883 8.918 8.948 8.969 8.979 8.98 8.976 8.96 8.932 8.893 8.845 8.79 8.732 8.673 8.616 8.565 8.521 8.487 8.465 8.456 8.467 8.489 8.519 8.555 8.594 8.633 8.668 8.698 8.719 8.729 8.73 8.726 8.71 8.682
9.477 9.462 9.436 9.4 9.357 9.307 9.255 9.201 9.15 9.103 9.063 9.032 9.011 9.001 9.01 9.028 9.054 9.085 9.118 9.151 9.181 9.206 9.224 9.232 9.232 9.227 9.212 9.186 9.15 9.107 9.057 9.005 8.951 8.9 8.853 8.813 8.782 8.761 8.751 8.76 8.778 8.804 8.835 8.868 8.901 8.931 8.956 8.974 8.982 8.982 8.977 8.962 8.936 8.9 8.857 8.807 8.755 8.701 8.65 8.603 8.563 8.532 8.511 8.501 8.51 8.528 8.554 8.585 8.618 8.651 8.681 8.706 8.724 8.732 8.732 8.727 8.712 8.686
9.48 9.465 9.441 9.409 9.37 9.326 9.279 9.231 9.185 9.144 9.108 9.08 9.06 9.05 9.056 9.07 9.091 9.116 9.143 9.171 9.196 9.216 9.229 9.235 9.235 9.23 9.215 9.191 9.159 9.12 9.076 9.029 8.981 8.935 8.894 8.858 8.83 8.81 8.8 8.806 8.82 8.841 8.866 8.893 8.921 8.946 8.966 8.979 8.985 8.985 8.98 8.965 8.941 8.909 8.87 8.826 8.779 8.731 8.685 8.644 8.608 8.58 8.56 8.55 8.556 8.57 8.591 8.616 8.643 8.671 8.696 8.716 8.729 8.735 8.735 8.73 8.715 8.691
9.482 9.468 9.446 9.417 9.383 9.344 9.303 9.261 9.22 9.184 9.152 9.126 9.108 9.098 9.1 9.111 9.127 9.146 9.168 9.19 9.209 9.225 9.235 9.238 9.238 9.232 9.218 9.196 9.167 9.133 9.094 9.053 9.011 8.97 8.934 8.902 8.876 8.858 8.848 8.85 8.861 8.877 8.896 8.918 8.94 8.959 8.975 8.985 8.988 8.988 8.982 8.968 8.946 8.917 8.883 8.844 8.803 8.761 8.72 8.684 8.652 8.626 8.608 8.598 8.6 8.611 8.627 8.646 8.668 8.69 8.709 8.725 8.735 8.738 8.738 8.732 8.718 8.696
9.483 9.469 9.45 9.424 9.394 9.359 9.323 9.287 9.252 9.219 9.191 9.168 9.151 9.142 9.14 9.147 9.159 9.174 9.19 9.206 9.221 9.232 9.239 9.24 9.239 9.233 9.219 9.2 9.174 9.144 9.109 9.073 9.037 9.002 8.969 8.941 8.918 8.901 8.892 8.89 8.897 8.909 8.924 8.94 8.956 8.971 8.982 8.989 8.99 8.989 8.983 8.969 8.95 8.924 8.894 8.859 8.823 8.787 8.752 8.719 8.691 8.668 8.651 8.642 8.64 8.647 8.659 8.674 8.69 8.706 8.721 8.732 8.739 8.74 8.739 8.733 8.719 8.7
9.483 9.469 9.451 9.428 9.401 9.371 9.339 9.307 9.276 9.248 9.222 9.202 9.186 9.176 9.172 9.176 9.184 9.195 9.207 9.219 9.229 9.236 9.24 9.241 9.24 9.233 9.219 9.201 9.178 9.151 9.121 9.089 9.057 9.026 8.998 8.972 8.952 8.936 8.926 8.922 8.926 8.934 8.945 8.957 8.969 8.979 8.986 8.99 8.991 8.99 8.983 8.969 8.951 8.928 8.901 8.871 8.839 8.807 8.776 8.748 8.722 8.702 8.686 8.676 8.672 8.676 8.684 8.695 8.707 8.719 8.729 8.736 8.74 8.741 8.74 8.733 8.719 8.701
9.481 9.468 9.45 9.428 9.403 9.376 9.348 9.319 9.292 9.266 9.243 9.224 9.21 9.2 9.194 9.195 9.2 9.208 9.216 9.225 9.232 9.237 9.24 9.24 9.238 9.231 9.218 9.2 9.178 9.153 9.126 9.098 9.069 9.042 9.016 8.993 8.974 8.96 8.95 8.944 8.945 8.95 8.958 8.966 8.975 8.982 8.987 8.99 8.99 8.988 8.981 8.968 8.95 8.928 8.903 8.876 8.848 8.819 8.792 8.766 8.743 8.724 8.71 8.7 8.694 8.695 8.7 8.708 8.716 8.725 8.732 8.737 8.74 8.74 8.738 8.731 8.718 8.7
9.476 9.464 9.447 9.427 9.403 9.376 9.349 9.322 9.297 9.273 9.251 9.233 9.219 9.209 9.203 9.202 9.205 9.211 9.218 9.225 9.232 9.236 9.237 9.237 9.234 9.226 9.214 9.197 9.177 9.153 9.126 9.099 9.072 9.047 9.023 9.001 8.983 8.969 8.959 8.953 8.952 8.955 8.961 8.968 8.975 8.982 8.986 8.987 8.987 8.984 8.976 8.964 8.947 8.927 8.903 8.876 8.849 8.822 8.797 8.773 8.751 8.733 8.719 8.709 8.703 8.702 8.705 8.711 8.718 8.725 8.732 8.736 8.737 8.737 8.734 8.726 8.714 8.697
9.468 9.456 9.44 9.42 9.398 9.373 9.347 9.321 9.296 9.272 9.251 9.234 9.219 9.21 9.204 9.202 9.205 9.21 9.216 9.222 9.227 9.23 9.231 9.23 9.226 9.218 9.206 9.19 9.17 9.148 9.123 9.097 9.071 9.046 9.022 9.001 8.984 8.969 8.96 8.954 8.952 8.955 8.96 8.966 8.972 8.977 8.98 8.981 8.98 8.976 8.968 8.956 8.94 8.92 8.898 8.873 8.847 8.821 8.796 8.772 8.751 8.734 8.719 8.71 8.704 8.702 8.705 8.71 8.716 8.722 8.727 8.73 8.731 8.73 8.726 8.718 8.706 8.69
9.456 9.444 9.428 9.409 9.387 9.362 9.337 9.311 9.286 9.263 9.242 9.225 9.211 9.201 9.195 9.193 9.196 9.2 9.206 9.211 9.216 9.219 9.219 9.218 9.214 9.206 9.194 9.178 9.159 9.137 9.112 9.087 9.061 9.036 9.013 8.992 8.975 8.961 8.951 8.945 8.943 8.946 8.95 8.956 8.961 8.966 8.969 8.969 8.968 8.964 8.956 8.944 8.928 8.909 8.887 8.862 8.837 8.811 8.786 8.763 8.742 8.725 8.711 8.701 8.695 8.693 8.696 8.7 8.706 8.711 8.716 8.719 8.719 8.718 8.714 8.706 8.694 8.678
9.44 9.427 9.411 9.392 9.369 9.344 9.317 9.29 9.264 9.24 9.219 9.201 9.187 9.177 9.171 9.17 9.173 9.179 9.186 9.192 9.198 9.201 9.202 9.201 9.198 9.19 9.177 9.161 9.142 9.119 9.094 9.067 9.04 9.014 8.99 8.969 8.951 8.937 8.927 8.921 8.92 8.923 8.929 8.936 8.942 8.948 8.951 8.952 8.951 8.948 8.94 8.927 8.911 8.892 8.869 8.844 8.817 8.79 8.764 8.74 8.719 8.701 8.687 8.677 8.671 8.67 8.673 8.679 8.686 8.692 8.698 8.701 8.702 8.701 8.698 8.69 8.677 8.661
9.42 9.407 9.39 9.369 9.344 9.317 9.288 9.259 9.231 9.205 9.181 9.162 9.147 9.137 9.132 9.134 9.139 9.147 9.156 9.165 9.173 9.178 9.18 9.18 9.177 9.17 9.157 9.14 9.119 9.094 9.067 9.038 9.009 8.981 8.955 8.931 8.912 8.897 8.887 8.882 8.884 8.889 8.897 8.906 8.915 8.923 8.928 8.93 8.93 8.927 8.92 8.907 8.89 8.869 8.844 8.817 8.788 8.759 8.731 8.705 8.681 8.662 8.647 8.637 8.632 8.634 8.639 8.647 8.656 8.665 8.673 8.678 8.68 8.68 8.677 8.67 8.657 8.64
9.397 9.384 9.365 9.342 9.314 9.284 9.251 9.218 9.186 9.157 9.132 9.111 9.095 9.085 9.081 9.086 9.094 9.106 9.118 9.131 9.142 9.151 9.155 9.155 9.154 9.147 9.134 9.115 9.092 9.064 9.034 9.001 8.968 8.936 8.907 8.882 8.861 8.845 8.835 8.831 8.836 8.844 8.856 8.868 8.881 8.892 8.901 8.905 8.905 8.904 8.897 8.884 8.865 8.842 8.814 8.784 8.751 8.718 8.686 8.657 8.632 8.611 8.595 8.585 8.581 8.586 8.594 8.606 8.618 8.631 8.642 8.651 8.655 8.655 8.654 8.647 8.634 8.615
9.371 9.357 9.337 9.311 9.28 9.245 9.208 9.17 9.134 9.101 9.072 9.048 9.031 9.021 9.021 9.028 9.041 9.057 9.074 9.091 9.107 9.119 9.126 9.128 9.127 9.121 9.107 9.087 9.061 9.03 8.995 8.958 8.92 8.884 8.851 8.822 8.798 8.781 8.771 8.771 8.778 8.791 8.807 8.824 8.841 8.857 8.869 8.876 8.878 8.877 8.871 8.857 8.837 8.811 8.78 8.745 8.708 8.67 8.634 8.601 8.572 8.548 8.531 8.521 8.521 8.528 8.541 8.557 8.574 8.591 8.607 8.619 8.626 8.628 8.627 8.621 8.607 8.587
9.343 9.329 9.307 9.277 9.242 9.202 9.159 9.116 9.075 9.037 9.005 8.979 8.96 8.95 8.953 8.964 8.981 9.002 9.025 9.047 9.068 9.085 9.095 9.099 9.099 9.093 9.079 9.057 9.027 8.992 8.952 8.909 8.866 8.825 8.787 8.755 8.729 8.71 8.7 8.703 8.714 8.731 8.752 8.775 8.797 8.818 8.835 8.845 8.849 8.849 8.843 8.829 8.807 8.777 8.742 8.702 8.659 8.616 8.575 8.537 8.505 8.479 8.46 8.45 8.453 8.464 8.481 8.502 8.525 8.547 8.568 8.585 8.595 8.599 8.599 8.593 8.579 8.557
9.314 9.299 9.275 9.242 9.202 9.157 9.109 9.06 9.013 8.97 8.934 8.905 8.885 8.875 8.881 8.896 8.918 8.944 8.973 9.001 9.027 9.049 9.063 9.069 9.069 9.064 9.049 9.025 8.992 8.952 8.907 8.859 8.81 8.763 8.72 8.684 8.655 8.635 8.625 8.631 8.646 8.668 8.694 8.723 8.751 8.777 8.799 8.813 8.819 8.819 8.814 8.799 8.775 8.742 8.702 8.657 8.609 8.56 8.513 8.47 8.434 8.405 8.385 8.375 8.381 8.396 8.418 8.444 8.473 8.501 8.527 8.549 8.563 8.569 8.569 8.564 8.549 8.525
9.285 9.269 9.243 9.207 9.162 9.112 9.058 9.003 8.951 8.903 8.862 8.831 8.81 8.8 8.809 8.828 8.855 8.887 8.921 8.955 8.987 9.012 9.031 9.039 9.04 9.035 9.019 8.993 8.957 8.912 8.862 8.808 8.753 8.701 8.653 8.612 8.581 8.56 8.55 8.559 8.578 8.605 8.637 8.671 8.705 8.737 8.762 8.781 8.789 8.79 8.785 8.769 8.743 8.707 8.662 8.612 8.558 8.503 8.451 8.403 8.362 8.331 8.31 8.3 8.309 8.328 8.355 8.387 8.421 8.455 8.487 8.512 8.531 8.539 8.54 8.535 8.519 8.493
9.257 9.241 9.212 9.173 9.124 9.069 9.009 8.949 8.892 8.839 8.795 8.76 8.738 8.729 8.741 8.764 8.795 8.831 8.871 8.911 8.948 8.978 8.999 9.01 9.011 9.007 8.991 8.962 8.923 8.874 8.819 8.759 8.699 8.642 8.589 8.545 8.51 8.488 8.479 8.491 8.514 8.545 8.581 8.621 8.661 8.698 8.728 8.749 8.76 8.761 8.757 8.741 8.712 8.673 8.624 8.569 8.509 8.449 8.392 8.339 8.295 8.26 8.238 8.229 8.241 8.264 8.295 8.331 8.371 8.411 8.448 8.478 8.499 8.51 8.511 8.507 8.491 8.462
9.231 9.214 9.184 9.142 9.089 9.029 8.965 8.9 8.838 8.781 8.734 8.697 8.674 8.665 8.68 8.705 8.74 8.781 8.826 8.871 8.912 8.946 8.97 8.983 8.985 8.981 8.964 8.934 8.892 8.839 8.779 8.715 8.65 8.588 8.531 8.484 8.447 8.424 8.415 8.43 8.455 8.49 8.531 8.576 8.621 8.662 8.696 8.72 8.733 8.735 8.731 8.714 8.684 8.642 8.589 8.529 8.465 8.4 8.338 8.281 8.234 8.197 8.174 8.165 8.18 8.205 8.24 8.281 8.326 8.371 8.412 8.446 8.47 8.483 8.485 8.481 8.464 8.434
9.208 9.19 9.158 9.114 9.059 8.995 8.927 8.859 8.793 8.733 8.683 8.644 8.62 8.613 8.628 8.656 8.694 8.739 8.788 8.836 8.88 8.918 8.945 8.959 8.961 8.958 8.94 8.908 8.864 8.809 8.745 8.677 8.609 8.543 8.483 8.433 8.394 8.37 8.363 8.378 8.406 8.444 8.489 8.538 8.586 8.63 8.668 8.695 8.709 8.711 8.708 8.69 8.658 8.614 8.559 8.495 8.427 8.359 8.293 8.233 8.183 8.144 8.12 8.113 8.128 8.156 8.194 8.239 8.288 8.336 8.38 8.418 8.445 8.459 8.461 8.458 8.44 8.408
9.187 9.17 9.137 9.091 9.034 8.968 8.898 8.826 8.758 8.696 8.644 8.604 8.579 8.572 8.589 8.619 8.659 8.706 8.757 8.808 8.855 8.894 8.923 8.938 8.941 8.937 8.92 8.887 8.841 8.784 8.718 8.648 8.576 8.508 8.446 8.394 8.354 8.329 8.322 8.339 8.369 8.409 8.456 8.507 8.558 8.605 8.644 8.673 8.688 8.691 8.687 8.67 8.637 8.591 8.534 8.468 8.398 8.326 8.258 8.196 8.144 8.104 8.079 8.072 8.089 8.119 8.159 8.206 8.257 8.308 8.355 8.394 8.423 8.438 8.441 8.437 8.42 8.387
9.171 9.153 9.12 9.073 9.015 8.948 8.877 8.804 8.735 8.672 8.619 8.579 8.553 8.547 8.564 8.594 8.636 8.684 8.736 8.788 8.836 8.876 8.906 8.922 8.924 8.921 8.903 8.87 8.823 8.765 8.698 8.627 8.554 8.485 8.422 8.369 8.329 8.303 8.297 8.314 8.344 8.386 8.434 8.486 8.538 8.586 8.626 8.656 8.672 8.674 8.671 8.653 8.62 8.573 8.515 8.448 8.377 8.304 8.235 8.172 8.119 8.079 8.053 8.047 8.064 8.094 8.136 8.184 8.236 8.288 8.336 8.376 8.406 8.422 8.424 8.421 8.403 8.37
9.158 9.141 9.108 9.061 9.003 8.937 8.865 8.793 8.724 8.663 8.611 8.571 8.546 8.539 8.556 8.585 8.625 8.673 8.725 8.777 8.824 8.864 8.893 8.909 8.912 8.908 8.891 8.858 8.811 8.753 8.687 8.615 8.543 8.474 8.413 8.361 8.321 8.296 8.289 8.306 8.335 8.375 8.423 8.475 8.527 8.574 8.614 8.643 8.659 8.662 8.658 8.641 8.608 8.561 8.503 8.437 8.365 8.293 8.224 8.163 8.111 8.071 8.046 8.039 8.056 8.085 8.125 8.173 8.225 8.277 8.324 8.364 8.393 8.409 8.412 8.408 8.391 8.358
9.15 9.132 9.1 9.054 8.998 8.935 8.868 8.8 8.734 8.675 8.625 8.587 8.563 8.555 8.571 8.599 8.636 8.68 8.728 8.776 8.82 8.858 8.886 8.901 8.903 8.9 8.882 8.85 8.804 8.748 8.685 8.618 8.55 8.484 8.425 8.375 8.337 8.313 8.305 8.321 8.349 8.386 8.43 8.478 8.526 8.57 8.608 8.636 8.651 8.653 8.65 8.632 8.6 8.554 8.498 8.435 8.368 8.3 8.234 8.175 8.125 8.087 8.063 8.055 8.071 8.099 8.136 8.18 8.228 8.276 8.32 8.358 8.386 8.401 8.403 8.4 8.382 8.35
9.145 9.127 9.096 9.054 9.002 8.943 8.88 8.816 8.755 8.699 8.652 8.616 8.592 8.584 8.598 8.623 8.657 8.698 8.741 8.785 8.825 8.859 8.883 8.896 8.898 8.895 8.877 8.846 8.804 8.752 8.693 8.63 8.566 8.505 8.449 8.402 8.366 8.342 8.334 8.348 8.373 8.407 8.448 8.491 8.535 8.575 8.609 8.633 8.646 8.648 8.645 8.627 8.596 8.554 8.502 8.443 8.38 8.316 8.255 8.199 8.152 8.116 8.092 8.084 8.098 8.123 8.157 8.198 8.241 8.285 8.325 8.359 8.383 8.396 8.398 8.395 8.377 8.346
9.143 9.127 9.098 9.059 9.012 8.957 8.899 8.84 8.783 8.731 8.688 8.654 8.632 8.623 8.634 8.656 8.686 8.722 8.761 8.8 8.835 8.865 8.885 8.896 8.897 8.893 8.877 8.848 8.809 8.762 8.707 8.649 8.59 8.533 8.481 8.438 8.404 8.382 8.373 8.384 8.406 8.436 8.472 8.511 8.55 8.585 8.615 8.635 8.646 8.647 8.643 8.627 8.598 8.559 8.512 8.457 8.399 8.34 8.283 8.231 8.188 8.154 8.132 8.123 8.134 8.156 8.186 8.222 8.261 8.3 8.335 8.365 8.385 8.396 8.397 8.393 8.377 8.348
9.144 9.129 9.103 9.067 9.024 8.974 8.921 8.868 8.816 8.77 8.73 8.699 8.678 8.668 8.677 8.695 8.721 8.751 8.785 8.818 8.848 8.873 8.89 8.898 8.899 8.894 8.879 8.853 8.817 8.774 8.724 8.671 8.618 8.566 8.52 8.48 8.449 8.428 8.418 8.427 8.445 8.471 8.501 8.535 8.568 8.598 8.623 8.64 8.648 8.649 8.644 8.629 8.603 8.567 8.524 8.474 8.421 8.368 8.316 8.27 8.23 8.199 8.178 8.168 8.177 8.195 8.221 8.251 8.285 8.318 8.348 8.373 8.39 8.398 8.399 8.394 8.379 8.353
